-0.4701979558756412
-0.5514159343755386
-0.6304766401004781
-0.7073308988542951
-0.781935389469239
-0.8542524335896473
-0.9242498559251424
-0.9999996373864991
-0.9999996389019856
-0.9999996404237925
-0.9999996419540977
-0.9999996434950101
-0.9999996450485708
-0.9999996466167532
-0.9999996482014638
-0.9999996498045429
-0.9999996514277645
-0.9999996530728372
-0.9999996547414047
-0.9999996564350467
-0.9999996581552781
-0.9999996599035514
-0.9999996616812551
-0.999999663489716
-0.9999996653301987
-0.9999996672039059
-0.9999996691119799
-0.999999671055502
-0.9999996730354934
-0.9999996750529158
-0.9999996771086715
-0.9999996792036041
-0.999999681338499
-0.9999996835140835
-0.9999996857310276
-0.999999687989944
-0.9999996902913892
-0.9999996926358633
-0.9999996950238106
-0.9999996974556203
-0.9999996999316264
-0.9999997024521085
-0.9999997050172923
-0.9999997076273495
-0.9999997102823985
-0.9999997129825051
-0.9999997157276823
-0.9999997185178914
-0.9999997213530415
-0.9999997242329907
-0.9999997271575461
-0.9999997301264644
-0.9999997331394521
-0.9999997361961659
-0.999999739296213
-0.9999997424391521
-0.9999997456244928
-0.999999748851697
-0.9999997521201784
-0.9999997554293036
-0.9999997587783919
-0.9999997621667162
-0.9999997655935032
-0.9999997690579338
-0.9999997725591431
-0.9999997760962214
-0.9999997796682147
-0.9999997832741243
-0.999999786912908
-0.9999997905834799
-0.9999997942847113
-0.999999798015431
-0.9999998017744256
-0.9999998055604398
-0.9999998093721771
-0.9999998132083006
-0.999999817067432
-0.9999998209481542
-0.9999998248490098
-0.9999998287685025
-0.9999998327050974
-0.9999998366572217
-0.9999998406232647
-0.999999844601579
-0.9999998485904797
-0.9999998525882466
-0.9999998565931235
-0.9999998606033187
-0.9999998646170065
-0.9999998686323267
-0.9999998726473859
-0.9999998766602571
-0.9999998806689819
-0.9999998846715689
-0.9999998886659961
-0.9999998926502107
-0.9999998966221296
-0.9999999005796406
-0.9999999045206024
-0.9999999084428454
-0.9999999123441726
-0.9999999162223602
-0.9999999200751577
-0.9999999239002896
-0.999999927695455
-0.9999999314583294
-0.9999999351865665
-0.9868166530654648
-0.962131088902849
-0.9376245905920031
-0.9133095046856504
-0.8891975347383462
-0.8652997536011513
-0.8416266161204442
-0.8181879720732871
-0.7949930793199552
-0.7720506171537311
-0.7493686998276724
-0.726954890237763
-0.7048162137417057
-0.682959172092469
-0.6613897574656858
-0.6401134665601184
-0.6191353147505708
-0.598459850272771
-0.5780911684201943
-0.5580329257330108
-0.5382883541598853
-0.5188602751737786
-0.4997511138234857
-0.48096291270309405
-0.46249734582230434
-0.4443557323611508
-0.42653905029329536
-0.40904794986283705
-0.39188276690028606
-0.3750435359641555
-0.35853000329527956
-0.34234163957196845
-0.32647765245466964
-0.31093699890990645
-0.295718397303817
-0.28082033925666355
-0.26624110125040656
-0.25197875598232344
-0.23803118345841115
-0.22439608182126586
-0.21107097790771628
-0.1980532375325265
-0.18534007549498732
-0.17292856530614817
-0.1608156486350224
-0.1489981444727919
-0.13747275801473907
-0.12623608926010307
-0.11528464133072222
-0.10461482850980543
-0.09422298400266907
-0.08410536742170083
-0.07425817199826172
-0.06467753152457802
-0.05535952702903505
-0.046300193188585186
-0.037495524482297926
-0.028941481090278106
-0.02063399454244218
-0.012568973121831467
-0.004742307027335995
0.002850126699169878
0.010212459476110176
0.01734882671065819
0.02426336354696543
0.030960200828724846
0.03744346127054574
0.04371725583256137
0.0497856802926675
0.05565281201075427
0.06132270687927113
0.06679939645447991
0.07208688526276594
0.07718914827636301
0.08211012855292862
0.0868537350333967
0.09142384049261168
0.0958242796373076
0.10005884734602546
0.10413129704567443
0.1080453392194925
0.11180464004124863
0.11541282013062254
0.11887345342478238
0.1221900661612915
0.12536613596755336
0.1284050910521288
0.1313103094933561
0.13408511862081415
0.1367327944852803
0.13925656141295217
0.1416595916398091
0.1439450050221087
0.14611586881913052
0.14817519754439046
0.1501259528816709
0.15197104366232064
0.15371332590040238
0.15535560288237057
0.15690062530808516
0.15835109148007084
0.15970964753804776
0.16097888773586733
0.16216135475809504
0.1632595400735876
0.16427588432351628
0.1652127777413895
0.16607256060273007
0.16685752370215814
0.16756990885572895
0.16821190942646236
0.16878567087109933
0.16929329130620582
0.16973682209182867
0.17011826843099564
0.17043958998343064
0.1707027014919347
0.17090947341995977
0.171061732598978
0.17116126288431865
0.17120980581821343
0.17120906129886165
0.17116068825438557
0.1710663053206162
0.17092749152170333
0.17074578695259965
0.170522693462535
0.17025967533863742
0.16995815998892014
0.16961953862388887
0.16924516693608946
0.1688363657769473
0.1683944218302911
0.16792058828201537
0.16741608548534329
0.16688210162122818
0.1663197933534245
0.1657302864778385
0.16511467656576626
0.16447402960067262
0.16380938260820288
0.16312174427912565
0.16241209558495182
0.16168139038599472
0.1609305560316509
0.16016049395272433
0.15937208024561209
0.15856616624821607
0.15774357910745299
0.1569051223382437
0.15605157637390185
0.15518369910784235
0.1543022264265476
0.1534078727337522
0.15250133146580758
0.15158327559821821
0.150654358143327
0.14971521263917703
0.14876645362954177
0.1478086771351627
0.14684246111622812
0.14586836592612987
0.14488693475655268
0.14389869407395356
0.14290415404749401
0.14190380896850227
0.14089813766153533
0.13988760388712015
0.13887265673627786
0.13785373101690004
0.1368312476320879
0.1358056139505461
0.13477722416914117
0.1337464596677171
0.13271368935628536
0.1316792700147005
0.13064354662492383
0.12960685269600378
0.1285695105818674
0.127531831792063
0.1264941172955542
0.12545665781769036
0.1244197341304705
0.12338361733622721
0.12234856914483765
0.12131484214458921
0.12028268006682173
0.11925231804446057
0.1182239828645581
0.1171978932149741
0.11617425992529844
0.11515328620213972
0.11413516785890301
0.11312009354015948
0.1121082449407383
0.11109979701963864
0.11009491820888781
0.10909377061745307
0.10809651023030947
0.10710328710279435
0.1061142455503276
0.10512952433363304
0.1041492568395443
0.10317357125751411
0.1022025907519186
0.10123643363027081
0.10027521350742744
0.09931903946589972
0.09836801621236177
0.09742224423044969
0.09648181992994469
0.09554683579243829
0.09461738051356684
0.09369353914189986
0.09277539321458254
0.0918630208898051
0.0909564970761944
0.09005589355920454
0.0891612791245935
0.0882727196790642
0.08739027836814413
0.08651401569139475
0.0856439896150102
0.08478025568189197
0.08392286711927101
0.08307187494394361
0.08222732806520118
0.08138927338551431
0.08055775589904733
0.0797328187880595
0.07891450351727533
0.0781028499262691
0.07729789631994384
0.07649967955715167
0.07570823513753175
0.07492359728660938
0.07414579903923037
0.073374872321374
0.07261084803041291
0.07185375611386843
0.0711036256467136
0.07036048490728705
0.0696243614518575
0.06889528218790084
0.06817327344613099
0.06745836105134306
0.06675057039211114
0.0660499264893876
0.06535645406405725
0.06467017760348531
0.0639911214271066
0.06331930975110556
0.06265476675222086
0.06199751663072673
0.06134758367262529
0.060704992311100124
0.060069767187262146
0.05944193321023594
0.0588215156166215
0.05820854002937273
0.057603032516128666
0.057005019647037525
0.05641452855210758
0.055831586978126894
0.05525622334518074
0.05468846680280889
0.05412834728583332
0.053575895569896496
0.053031143326734545
0.052494123179231654
0.051964868756279745
0.05144341474747996
0.05092979695771895
0.0504240523616503
0.04992621915811598
0.04943633682453628
0.04895444617130175
0.04848058939619784
0.048014810138892555
0.04755715353551685
0.047107666273369354
0.04666639664577704
0.04623339460713707
0.045808711828173414
0.045392401751437474
0.04498451964707843
0.04458512266891801
0.04419426991085361
0.04381202246362208
0.04343844347195115
0.043073598192128255
0.04271755405001311
0.04237038069952747
0.04203215008164461
0.04170293648391006
0.041382816600523786
0.04107186959300768
0.04077017715149126
0.04047782355663847
0.040194895742251734
0.039921483358574886
0.039657678836325205
0.039403577451484276
0.03915927739087786
0.03892487981856805
0.03870048894309147
0.03848621208557048
0.038282159748724356
0.0380884456868163
0.03790518697655406
0.03773250408898655
0.03757052096241442
0.03741936507635338
0.03727916752657296
0.03715006310124512
0.03703219035823127
0.036925691703538883
0.03683071347097612
0.03674740600303816
0.03667592373305601
0.036616425268634394
0.036569073476417684
0.03653403556820928
0.03651148318848068
0.03650159250329989
0.03650454429071191
0.03652052403260732
0.03654972200810785
0.03659233338850469
0.036648558333783554
0.03671860209076941
0.036802675092926965
0.03690099306185002
0.03701377711047406
0.037141253848051926
0.03728365548692383
0.037441219951118834
0.03761419098682563
0.03780281827476914
0.0380073575445302
0.038228070690845016
0.03846522589192366
0.03871909772982477
0.03898996731292854
0.039278122400541786
0.039583857529679675
0.0399074741440612
0.040249280725360374
0.04060959292675314
0.040988733708801406
0.04138703347771464
0.041804830226034706
0.04224246967578058
0.04270030542410029
0.04317869909147149
0.043678020472493854
0.04419864768931701
0.04474096734774825
0.0453053746960851
0.04589227378671677
0.04650207764053881
0.04713520841422782
0.047792097570420446
0.048473186050842734
0.0491789244524365
0.04990977320652816
0.050666202761086375
0.05144869376611644
0.05225773726223725
0.053093834872488345
0.053957498997413804
0.05484925301347329
0.0557696314748242
0.0567191803185266
0.05769845707321719
0.05870803107130053
0.05974848366470528
0.06082040844425301
0.061924411462684764
0.06306111146139053
0.06423114010088544
0.06543514219507549
0.06667377594935295
0.06794771320256386
0.06925763967288699
0.07060425520766575
0.07198827403723394
0.07341042503277782
0.07487145196827628
0.07637211378656245
0.0779131848695488
0.07949545531265917
