0.0	1.0	0.0
0.0099499997453725	0.9899999490744998	3.3001664986125204e-7
0.019799999010528035	0.9799999039566073	2.6251914602525728e-6
0.02954999785250652	0.9699998644390898	8.796274013663591e-6
0.03919999632631581	0.9599998303227677	2.069521367125552e-5
0.04874999448501111	0.9499998014162928	4.011575961955078e-5
0.058199992379772254	0.9399997775359349	6.879406091419337e-5
0.0675499900599788	0.9299997585053749	0.00010840926652092549
0.0767999875732832	0.919999744155505	0.00016058412535391986
0.0859499849656819	0.9099997343242362	0.00022688558631160131
0.09499998228158464	0.8999997288563119	0.0003088253983100861
0.10394997956388184	0.8899997276031281	0.0004078607103143617
0.112799976531388	0.8799996658981025	0.00052539467112482
0.12154997291987428	0.8699996117991534	0.0006627770286062265
0.13019996880418339	0.859999565062667	0.0008213047302823029
0.1387499642567722	0.8499995254550954	0.001002222523615382
0.14719995934781113	0.8399994927526921	0.0012067235560563035
0.15554995414528086	0.829999466741256	0.001435949975091171
0.16379994871506656	0.8199994472158842	0.0016909935282851318
0.17194994312104966	0.8099994339807348	0.001972896163323329
0.17999993742519732	0.7999994268487973	0.0022826506280491745
0.18794993168764967	0.7899994256416718	0.002621201070500083
0.19579992553893236	0.7799993446148661	0.002989443638382425
0.20354991864272173	0.7699992761430098	0.003388227077374278
0.21119991112279785	0.7599992198722135	0.003818353332765484
0.21874990309948072	0.74999917546436	0.004280578150097197
0.2261998946897861	0.7399991425967132	0.004775611675228285
0.2335498860075774	0.7299991209615432	0.005304119054397495
0.24079987716371393	0.719999110265765	0.005866721034281601
0.24794986783421644	0.7099990238347356	0.0064639945613358275
0.2549998577181661	0.6999989529551927	0.00709647337965434
0.2619498469690995	0.6899988972314913	0.00776464863310033
0.26879983573668964	0.6799988562865394	0.008468969466106155
0.27554982416692914	0.6699988297613624	0.009209843623743792
0.28219981240230935	0.6599988173146849	0.009987638051790738
0.28874980015767	0.6499987337574427	0.010802679495974915
0.2951997871713941	0.6399986689873821	0.011655255099551613
0.30154977362917834	0.6299986225694593	0.01254561300580713
0.3077997597124762	0.6199985940901087	0.013473962958976847
0.3139497455987106	0.6099985831567669	0.014440476904318336
0.3199997310467543	0.5999985064519697	0.015445289587295003
0.32594971583934645	0.5899984520664692	0.016488499150970667
0.331799700197295	0.5799984195232375	0.017570167738772333
0.3375496843367607	0.569998408369898	0.01869032209548903
0.3431996676594773	0.5599982561734247	0.019848954165494103
0.3487496496192326	0.5499981357776433	0.02104602168725022
0.3541996305306747	0.5399980465107732	0.022281448799112296
0.35954961070190156	0.5299979877345944	0.02355512664137118
0.36479959043479326	0.5199979588437439	0.02486691395635389
0.369949569243203	0.5099978028381985	0.02621663768658798
0.37499954669313196	0.49999768714759446	0.02760409356912573
0.37994952318371716	0.489997610969448	0.029029046741685598
0.3847994991062776	0.4799975735426378	0.030491232344798995
0.38954947439848087	0.46999748489802157	0.03199035612075825
0.39419944902157944	0.45999743972169216	0.033526095010255955
0.39874942308330813	0.4499973726240457	0.03509809775525607
0.40319939663134524	0.439997336983375	0.036705985497554966
0.4075493699771586	0.4299973321792974	0.038349352380769815
0.4117993431272919	0.41999729784735557	0.04002776615028934
0.4159493153706064	0.4099971508155482	0.04174076874885993
0.4199992863774259	0.3999970505483438	0.04348787691323995
0.4239492566107674	0.38999699611994765	0.04526858278175254
0.42779922652462127	0.37999698665083265	0.0470823544965611
0.4315491958098692	0.3699968703987559	0.04892863680157457
0.43519916421167487	0.35999680996237166	0.05080685163609986
0.43874913228289436	0.34999680428152846	0.05271639874192727
0.4421990997632902	0.33999669179763853	0.05465665626336497
0.445549066447089	0.3299966449621243	0.05662698134031556
0.4487990321133999	0.3199964883000508	0.0586267107133845
0.45194899659546145	0.3099964081122643	0.06065516131877724
0.45499896065071865	0.29999640293917246	0.06271163089676547
0.4579489239262018	0.2899962521574586	0.06479539859118905
0.4607988861266417	0.279996187930523	0.06690572553959605
0.4635488473843169	0.2699960636045145	0.06904185548172165
0.4661988078545518	0.25999603044246306	0.07120301535641665
0.4687487678449999	0.24999596764715443	0.07338841590688545
0.4711987273136967	0.2399959260922013	0.07559725227639374
0.4735486865736438	0.2299959258972183	0.07782870460989064
0.4757986458289181	0.21999592515765182	0.08008193865545776
0.47794860507412884	0.20999592388449262	0.08235610636202559
0.479998564303995	0.1999959220887432	0.08465034647871701
0.48194852351334583	0.1899959197814181	0.08696378515484761
0.4837984826971206	0.17999591697354428	0.0892955365399261
0.48554844185036916	0.16999591367616126	0.09164470338365487
0.48719840096825157	0.1599959099003215	0.09401037763593063
0.4887483600460386	0.14999590565709053	0.09639164104684525
0.4901983190791118	0.13999590095754724	0.09878756576668661
0.4915482780629635	0.12999589581278403	0.10119721494593965
0.4927982369931969	0.11999589023390704	0.1036196433352875
0.49394819586552663	0.10999588423203627	0.10605389788561269
0.49499815467577835	0.0999958778183057	0.10849901834799848
0.4959481134198892	0.0899958710038635	0.11095403787373033
0.49679807209390786	0.07999586379987207	0.1134179836142974
0.4975480306939948	0.06999585621750821	0.11588987732139419
0.4981979892164221	0.059995848267963156	0.11836873594692224
0.49874794765757413	0.04999583996244264	0.12085357224299191
0.4991979060139472	0.039995831312166996	0.12334339536192433
0.49954786428214987	0.02999582232837117	0.1258372114562533
0.49979782245890325	0.019995813022304763	0.12833402427872728
0.49994778054104094	0.009995803405232076	0.13083283578231164
0.49999773852550927	-4.206511567916155e-6	0.13333264672019074
0.4999476964093674	-0.010004216716801568	0.13583245724577014
0.4997976541897876	-0.02000422719916055	0.13833126751267905
0.4995476118640552	-0.030004237947321905	0.1408280782747725
0.4991975694295689	-0.04000424894994804	0.14332189148613395
0.4987475268838407	-0.050004260195686816	0.14581171090107764
0.49819748422449645	-0.06000427167317152	0.14829654267415115
0.4975474414492755	-0.07000428337102102	0.150775395960138
0.49679739855603117	-0.08000429527783977	0.15324728351406022
0.4959473555427309	-0.0900043073822179	0.15571122229118103
0.49499731240745615	-0.1000043196727313	0.15816623404700747
0.49394726914840276	-0.11000433213794167	0.16061134593729318
0.4927972257638811	-0.12000434476639668	0.1630455911180411
0.4915471822523159	-0.13000435754663003	0.16546800934550626
0.49019713861224695	-0.1400043704671615	0.16787764757619858
0.48874709484232864	-0.15000438351649714	0.17027356056688567
0.48719705094133053	-0.16000439668312935	0.17265481147459566
0.4855470069081372	-0.170004409955537	0.17502047245662
0.48379696274174855	-0.18000442332218547	0.17736962527051633
0.48194691801019124	-0.19000452298927586	0.1797013618727264
0.47999687232058136	-0.20000461493269955	0.18201478501457308
0.477946825180682	-0.2100048130471768	0.18430900884517074
0.4757967768969345	-0.22000484370232085	0.18658315951006882
0.4735467282729958	-0.23000488108541825	0.18883637576411463
0.47119667941032456	-0.24000489144883036	0.19106780956516192
0.4687466304481723	-0.25000490098162775	0.19327662667300266
0.4661965813947362	-0.2600049097055856	0.19546200724822888
0.46354653225799625	-0.27000491764240503	0.19762314645181617
0.4607964830457157	-0.2800049248137098	0.19975925504512107
0.4579464337654419	-0.29000493124104293	0.20186955998987838
0.4549963844245074	-0.3000049369458633	0.20395330504819834
0.4519463350300304	-0.31000494194954226	0.20600975138256378
0.4487962855889159	-0.3200049462733605	0.20803817815582715
0.44554623610785654	-0.3300049499385045	0.21003788313120755
0.4421961865933337	-0.34000495296606315	0.21200818327228763
0.43874613705161825	-0.35000495537702464	0.21394841534301046
0.43519608748877175	-0.3600049571922728	0.21585793650767635
0.4315460379106475	-0.37000495843258413	0.2177361249309396
0.42779598832289145	-0.3800049591186241	0.21958238037780536
0.4239459387309436	-0.39000495927094403	0.22139612481362617
0.4199958871587005	-0.4000053551776722	0.22317680299855172
0.4159458318471638	-0.41000570712966505	0.22492388307172337
0.41179577446499954	-0.4200057693031927	0.22663685717432397
0.40754571573521875	-0.43000597665296203	0.22831524206311796
0.4031956537724354	-0.44000641590371575	0.22995857968849864
0.3987455885866988	-0.45000662124359875	0.2315664377905459
0.3941955217980444	-0.46000673648727675	0.2331384105211787
0.38954545282916253	-0.47000705728909803	0.23467411903843238
0.3847953812338252	-0.48000726177837444	0.23617321209322936
0.37994530756660627	-0.49000747166540387	0.23763536664091886
0.3749952317228902	-0.5000076970778203	0.2390602884389304
0.3699451544453115	-0.5100077584379132	0.24044771264694745
0.3647950754746365	-0.520008035697088	0.2417974044309347
0.35954499455388117	-0.5300081484539799	0.24310915955121337
0.354194913027347	-0.5400081568528546	0.24438280497575823
0.3487448309262394	-0.5500082633686583	0.24561819947910896
0.34319474819446466	-0.560008282986289	0.24681523423409446
0.33754466481860096	-0.5700083921864525	0.24797383341611917
0.33179458087631303	-0.5800083962711285	0.24909395479937602
0.32594449666878517	-0.5900084452344483	0.25017559036197273
0.319994411980754	-0.6000084923717784	0.25121876688183653
0.3139513435066042	-0.6086052024581837	0.25222356122079653
0.30782896769018026	-0.6158699608266062	0.2531901573629234
0.30164025957167284	-0.6218716628748724	0.2541188519217589
0.2953975173834152	-0.6266767747766591	0.2550100438249068
0.2891123865412886	-0.6303493936486493	0.255864224395929
0.2827958830373915	-0.6329513071307702	0.25668196785446173
0.27645841624003875	-0.6345420523397837	0.25746392224999776
0.27010981110754156	-0.6351789741596533	0.2582108008399255
0.2637593298225682	-0.6349172828350133	0.25892337391811204
0.25741569285420973	-0.6338101108366809	0.2596024610965288
0.251087099455174	-0.6319085689704632	0.2602489240390963
0.2447812476018095	-0.6292618017024374	0.2608636596440337
0.23850535338492035	-0.6259170416753911	0.26144759366849724
0.23226616985958298	-0.6219196633920796	0.2620016747871476
0.2260700053624161	-0.6173132360413001	0.26252686907446676
0.21992274130499787	-0.6121395754423463	0.2630241548991187
0.21382984945237604	-0.6064387950820191	0.2634945182173873
0.20779640869588686	-0.6002493562158187	0.26393894825170644
0.2018271213298027	-0.5936081170010121	0.2643584335394908
0.19592632884167918	-0.5865503806236928	0.26475395833686644
0.1900980272266882	-0.5791099423745026	0.26512649936146204
0.1843458818367245	-0.5713191356182319	0.2654770228581374
0.17867324177567806	-0.5632088765910561	0.26580648197137974
0.17308315385299233	-0.5548087079460905	0.2661158144080706
0.16757837610849124	-0.5461468409541265	0.26640594037440624
0.16216139092245235	-0.5372501962536524	0.26667776077092537
0.15683441772600662	-0.5281444430354935	0.26693215562984923
0.1515994253280935	-0.5188540365471302	0.26716998277925763
0.14645814387627748	-0.5094022538160772	0.267392076719001
0.14141207646955653	-0.4998112275281105	0.26759924769367
0.1364625104416051	-0.4901019780621748	0.2677922809484045
0.1316105283323693	-0.48029444378498304	0.2679719361538101
0.12685701856422268	-0.4704075098443393	0.2681389469867555
0.12220268583569596	-0.46045903586100556	0.26829402085434106
0.11764806124098351	-0.4504658830814851	0.2684378387488486
0.11319340303787485	-0.4404657575402458	0.2685710551396515
0.10883874550577617	-0.4304657488794904	0.26869429777240383
0.10458408846486551	-0.4204656593026422	0.26880816799102286
0.10042943279992995	-0.41046547368446945	0.2689132413124081
0.09637475960428367	-0.4004691654447885	0.26901006801435784
0.0924198631851566	-0.39051011838062416	0.2690991735842672
0.08856431731525598	-0.3805990555994999	0.2691810588978087
0.08480759220299053	-0.370745966853591	0.26925620067037564
0.08114906162975445	-0.36096014779362495	0.26932505202791
0.07758800969804908	-0.35125023854745013	0.2693880431153765
0.07412363720080536	-0.3416242609012931	0.2694455817364999
0.07075506762857177	-0.3320896535454272	0.26949805401891275
0.06748135283558052	-0.3226533050528231	0.2695458250993725
0.06430147838805501	-0.31332158445227654	0.26958923982419164
0.06121436861872577	-0.30410036941357166	0.2696286234604784
0.058218891410794796	-0.2949950721726228	0.26966428241420987
0.05531386273297682	-0.2860106633909715	0.2696965049515495
0.052498050945150726	-0.27715169417424745	0.26972556192018354
0.049770180891889136	-0.26842231647807024	0.269751707467782
0.04712893779891489	-0.25982630211677915	0.2697751797549983
0.04457297098549119	-0.25136706056795943	0.26979620166070245
0.042100897403953695	-0.24304765573953965	0.2698149814774041
0.03971130501605664	-0.23487082183987162	0.2698317135950636
0.037402756014523364	-0.2268389784667832	0.26984657917171007
0.03517378989713881	-0.21895424501012745	0.26985974678949426
0.03302292639986733	-0.21121845444416895	0.2698713730949923
0.03094866829479077	-0.2036331665711426	0.26988160342275536
0.02894950405810909	-0.196199680765193	0.2698905724012614
0.027023910413001884	-0.18891904825624822	0.26989840454057834
0.025170354751791805	-0.18179208398576768	0.26990521480118446
0.023387297441561164	-0.1748193780603606	0.2699111091435221
0.02167319401713616	-0.16800130682464007	0.26991618505797665
0.020026497265157435	-0.16133804357110482	0.26992053207508104
0.018445659202791547	-0.15482956890207253	0.2699242322558443
0.01692913295449837	-0.14847568075656295	0.2699273606621913
0.015475374530148923	-0.14227600411332625	0.2699299858075831
0.014082844507683023	-0.13623000037985364	0.269932170087958
0.012750009623403228	-0.1303369764761052	0.2699339701932024
0.011475344272918553	-0.12459609362082999	0.26993543749941534
0.010257331925675494	-0.1190063758277816	0.26993661844228545
0.009094466455943107	-0.11356671811869574	0.26993755487194326
0.00798525339305174	-0.10827589445957767	0.26993828438969236
0.0069282110936216956	-0.10313256542643116	0.2699388406670566
0.005921871838458966	-0.09813528560611465	0.26993925374761146
0.004964782856740606	-0.09328251073755736	0.26993955033209094
0.004055507280060967	-0.0885726045983704	0.2699397540472823
0.0031926250288593257	-0.08400384564195794	0.2699398856992376
0.0023747336336966828	-0.07957443339057063	0.2699399635113432
0.00160044899379371	-0.07528249459002397	0.2699400033477976
0.0008684060751842922	-0.07112608913185961	0.2699400189230544
0.00017725955078355443	-0.06710321574828795	0.2699400219977893
-0.00047431561538066407	-0.06321181748455575	0.2699400225619524
-0.0010876236375664838	-0.05944978695260818	0.2699400290054628
-0.0016639474291773168	-0.0558149713695584	0.2699400482771016
-0.002204548172948119	-0.052305177384602095	0.2699400860321499
-0.002710664938364376	-0.0489181756986493	0.2699401467693143
-0.003183514344266434	-0.045651705481762284	0.2699402339574709
-0.003624290264645469	-0.04250347859404465	0.2699403501527491
-0.004034163575694186	-0.03947118361569875	0.26994049710646545
-0.004414281942229945	-0.03655248969145306	0.2699406758644043
-0.004765769641655837	-0.03374505019372535	0.26994088685792894
-0.00508972742366476	-0.03104650620805919	0.269941129987393
-0.005387232403925181	-0.028454489844025006	0.26994140469830624
-0.00565933799002059	-0.02596662737505679	0.2699417100506951
-0.005907073837953865	-0.023580542211598186	0.2699420447820812
-0.006131445837578311	-0.021293857713291	0.26994240736448616
-0.006333436125380877	-0.019104199847222357	0.2699427960558545
-0.006514003123117896	-0.0170091997001815	0.2699432089462712
-0.00667408160088404	-0.015006495853047194	0.2699436439993334
-0.006814582763273737	-0.013093736624892334	0.2699440990890198
-0.0069363943573637395	-0.01126858219310807	0.2699445720323863
-0.007040380801300531	-0.009528706594250154	0.2699450606184002
-0.007127383332314829	-0.007871799608609316	0.2699455626332091
-0.007198220173008678	-0.006295568530160441	0.26994607588212727
-0.00725368671477374	-0.004797739822852075	0.2699465982086047
-0.007294555717208642	-0.0033760606641283523	0.2699471275104333
-0.00732157752241582	-0.002028300377307353	0.26994766175342555
-0.007335480283081989	-0.00075225175592648	0.2699481989827926
-0.007336970203285568	0.00045426771521073325	0.26994873733243063
-0.007326731791033381	0.001593414735226793	0.2699492750323147
-0.007305428121609177	0.0026673191496139432	0.2699498104141851
-0.007273701110917	0.003678082988821345	0.2699503419156997
-0.007232171798122477	0.004627779570083232	0.2699508680832144
-0.007181440637031787	0.005518452648054844	0.26995138757334214
-0.0071220877957980065	0.006352115598701122	0.26995189915343143
-0.0070546734647050965	0.007130750619880872	0.2699524017010939
-0.006979738171947148	0.007856307931708847	0.26995289420290164
-0.006897803107491207	0.008530704959479286	0.26995337575236583
-0.006809370455281715	0.009155825482419147	0.269953845547299
-0.0067149237342083576	0.00973351873225232	0.26995430288665573
-0.006614928148410595	0.0102655984273001	0.26995474716693785
-0.006509830947622461	0.010753841730326875	0.2699551778782438
-0.0064000617983606695	0.011199988122031417	0.2699555946000339
-0.006286033166813407	0.011605738187421218	0.2699559969966771
-0.006168140714280126	0.011972752319234926	0.26995638481283923
-0.006046763705923955	0.012302649351999442	0.26995675786876444
-0.005922265433406723	0.012597005151446822	0.26995711605549955
-0.005794993651658295	0.012857351198238744	0.26995745933010207
-0.005665281029566137	0.013085173220192767	0.26995778771087076
-0.005533445613744964	0.013281909944041761	0.26995810127263004
-0.00539979130376262	0.013448952052427007	0.26995840014209765
-0.005264608336284857	0.013587641443125659	0.26995868449335875
-0.005128173774617135	0.013699270890418802	0.2699589545434665
-0.004990751999164405	0.013785084200127229	0.2699592105481859
-0.004852595193525375	0.013846276927678786	0.26995945279789213
-0.004713943820427567	0.013883997691882729	0.2699596816136349
-0.004575027081612987	0.013899350071033201	0.2699598973433737
-0.004436063356173822	0.013893395016799849	0.2699601003583893
-0.004297260612707879	0.013867153676388634	0.26996029104987324
-0.004158816791923739	0.013821610480439289	0.2699604698256965
-0.004020920157820309	0.013757716340246905	0.26996063710735574
-0.0038837496171067886	0.01367639180245718	0.2699607933270967
-0.0037474750079396417	0.01357853003097219	0.26996093892521184
-0.0036122573602007687	0.013464999516802358	0.2699610743475099
-0.003478249130357061	0.013336646451939195	0.26996120004295476
-0.003345594414416018	0.01319429673626942	0.26996131646147054
-0.0032144291426631955	0.01303875761429506	0.2699614240519093
-0.0030848812597982812	0.012870818958687809	0.26996152326017897
-0.002957070893849024	0.012691254231163655	0.26996161452752687
-0.002831110516901289	0.012500821158383269	0.26996169828897626
-0.0027071051002926696	0.012300262163340599	0.2699617749719112
-0.0025851522665146713	0.012090304592259076	0.26996184499480574
-0.0024653424396800403	0.011871660774667128	0.2699619087660932
-0.002347758996052127	0.01164502795091547	0.2699619666831705
-0.0022324784158095374	0.01141108809760252	0.2699620191315327
-0.0021195704369341936	0.011170507677466213	0.2699620664840326
-0.0020090982118637305	0.01092393733662643	0.2699621091002594
-0.001901118467337646	0.010672011568590448	0.2699621473260315
-0.0017956816676876993	0.010415348361398905	0.2699621814929968
-0.001692832181673813	0.010154548841378373	0.2699622119183344
-0.0015926084528435488	0.009890196924674454	0.2699622389045529
-0.0014950431732931172	0.009622858985411853	0.2699622627393767
-0.0014001634606279599	0.009353083547619599	0.26996228369571607
-0.0013079910378580952	0.009081401006353355	0.269962302031714
-0.0012185424159161825	0.008808323382029167	0.26996231799086295
-0.0011318290784509946	0.008534344111008431	0.2699623318021864
-0.001047857668524811	0.008259937874228317	0.26996234368047806
-0.0009666301768280379	0.007985560465126293	0.26996235382659395
-0.0008881441310162786	0.007711648697225566	0.26996236242779004
-0.000812392785773086	0.007438620351412947	0.26996236965810116
-0.0007393653132043301	0.007166874162338248	0.2699623756787551
-0.00066904699317682	0.006896789843163763	0.2699623806386166
-0.0006014194032233092	0.006628728147538402	0.2699623846746569
-0.0005364606076480166	0.0063630309675201035	0.2699623879124432
-0.0004741453454802238	0.006100021466038473	0.2699623904666444
-0.00041444521693794026	0.005840004242418236	0.2699623924415483
-0.0003573288680789985	0.0055832655293701185	0.26996239393158705
-0.0003027621733331442	0.005330073419800739	0.26996239502186625
-0.00025070841562433685	0.005080678121960734	0.2699623957886952
-0.00020112846380856774	0.004835312241193088	0.2699623963001148
-0.00015398094716858156	0.004594191086804144	0.2699623966164205
-0.00010922242672238493	0.0043575130024351835	0.26996239679067724
-6.680756311790311e-5	0.004125459718461181	0.2699623968692249
-2.6689280901084174e-5	0.0038981967249026067	0.26996239689217155
1.1181071040661486e-5	0.003675873663446524	0.2699623968938732
4.685356304299294e-5	0.0034586247370197673	0.26996239690339807
8.037953240656082e-5	0.0032465691356938107	0.2699623969449747
0.00011181143547177552	0.0030398114773491263	0.26996239703842195
0.00014120270416797523	0.0028384422618908164	0.26996239719956083
0.00016860760716493878	0.0026425383375018956	0.269962397440607
0.00019408111574072676	0.0024521633776557047	0.26996239777054354
0.0002176787744665219	0.0022673683675033213	0.2699623981954737
0.00023945657679441207	0.0020881920980747146	0.26996239871895344
0.00025947084562002076	0.0019146616670470242	0.26996239934230376
0.0002777781188778472	0.0017467929845182658	0.26996240006490246
0.0002944350402119488	0.0015845912823020533	0.26996240088445655
0.000309498254749469	0.0014280516252019833	0.26996240179725445
0.0003230243099894736	0.0012771594227989362	0.2699624027983991
0.00033506956180393233	0.0011318909400928152	0.26996240388202275
0.00034569008553180994	0.0009922138054827031	0.26996240504148267
0.0003549415921320851	0.0008580875145723333	0.26996240626954016
0.00036287934934582444	0.0007294639281755335	0.2699624075585222
0.0003695581078021983	0.0006062877630992373	0.2699624089004672
0.0003750320319888791	0.0004884970742369326	0.26996241028725504
0.0003793546359936971	0.0003760237267266574	0.26996241171072277
0.00038257872391112767	0.00026879385675945936	0.2699624131627665
0.0003847563347951813	0.00016672832005127448	0.2699624146354298
0.0003859386920298654	6.974312688553796e-5	0.26996241612098076
0.00038617615697879987	-2.2250137098639704e-5	0.2699624176119766
0.000385518186768147	-0.00010934390503192664	0.2699624191013185
0.00038401329605031366	-0.0001916342385347471	0.26996242058229647
0.0003817090225907546	-0.0002692204533770644	0.26996242204862464
0.0003786518965174921	-0.0003422047612754331	0.26996242349446903
0.00037488741307074635	-0.00041069192807371475	0.26996242491446715
0.00037046000868970187	-0.0004747889481351855	0.26996242630374123
0.0003654130402742989	-0.0005346047349454063	0.26996242765790496
0.0003597887674615647	-0.0005902498276014312	0.2699624289730646
0.0003536283377592274	-0.0006418361128660249	0.2699624302458157
0.000346971774382966	-0.0006894765623862512	0.26996243147323484
0.00033985796664806936	-0.0007332849845930785	0.26996243265286823
0.0003323246627713657	-0.0007733757907476596	0.26996243378271645
0.0003244084649446282	-0.0008098637745998348	0.2699624348612169
0.00031614482654600175	-0.0008428639051254504	0.26996243588722363
0.00030756805136197704	-0.0008724911316794866	0.2699624368599855
0.0002987112946982385	-0.0008988602010682312	0.2699624377791227
0.00028960656626328597	-0.0009220854859222668	0.26996243864460223
0.00028028473471421867	-0.000942280823891198	0.2699624394567124
0.0002707755337596972	-0.0009595593670130981	0.26996244021603705
0.00026110756972019567	-0.0009740334408872041	0.26996244092342936
0.00025130833045033414	-0.0009858144130851048	0.2699624415799858
0.00024140419553299875	-0.0009950125703819756	0.26996244218702015
0.00023142044765925193	-0.001001737004367388	0.26996244274603814
0.0002213812851120801	-0.0010060955050669785	0.2699624432587125
0.00021130983527571667	-0.0010081944622057065	0.2699624437268588
0.00020122816909594012	-0.0010081387737496022	0.26996244415241233
0.00019115731642006177	-0.0010060317614260684	0.2699624445374057
0.00018111728214826515	-0.0010019750929332546	0.2699624448839477
0.0001711270631309383	-0.0009960687105321129	0.26996244519420326
0.00016120466574926905	-0.0009884107658017368	0.2699624454703744
0.00015136712411871958	-0.0009790975603081568	0.26996244571468286
0.00014163051885747279	-0.0009682234919411995	0.2699624459293535
0.00013200999636413065	-0.0009558810067272274	0.2699624461165993
0.00012251978855096356	-0.0009421605559061917	0.2699624462786077
0.00011317323298101315	-0.0009271505580838906	0.26996244641752787
0.00010398279335923236	-0.000910937366272268	0.26996244653545953
9.496008032965941e-5	-0.0008936052396423222	0.269962446634443
8.611587253234124e-5	-0.0008752363198213118	0.2699624467164504
7.746013787543494e-5	-0.0008559106115599491	0.26996244678337794
6.900205497958949e-5	-0.0008357059676091407	0.26996244683703946
6.075003475328344e-5	-0.0008146980776520676	0.2699624468791611
5.271174205937435e-5	-0.0007929604611297516	0.2699624469113769
4.4894117434703937e-5	-0.0007705644638043301	0.2699624469352254
3.730339882615359e-5	-0.0007475792579057382	0.2699624469521474
2.9945143308030277e-5	-0.0007240718457189248	0.26996244696348387
2.2824248747134155e-5	-0.0007001070664602998	0.2699624469704757
1.594497538345113e-5	-0.0006757476062763055	0.2699624469742636
9.310967295901611e-6	-0.0006510540112335983	0.2699624469758884
2.9252737239956545e-6	-0.0006260847031475932	0.26996244697629285
-3.2096297822545474e-6	-0.0006008959981024473	0.2699624469763232
-9.091820410324733e-6	-0.00057554212751159	0.2699624469767318
-1.4719907355755949e-5	-0.0005500752615746529	0.26996244697817956
-2.0093011338624418e-5	-0.0005245455349990411	0.2699624469812398
-2.5210744387708484e-5	-0.0004990010748177719	0.2699624469864013
-3.0073189912708777e-5	-0.00047348803018228646	0.26996244699407257
-3.468088308355341e-5	-0.00044805060398664024	0.26996244700458577
-3.90347915343445e-5	-0.00042273108617157706	0.26996244701820127
-4.313629640811385e-5	-0.000397569888582293	0.2699624470351119
-4.698717375728608e-5	-0.0003726055812521538	0.26996244705544786
-5.058957631333785e-5	-0.00034787492995820075	0.26996244707928113
-5.394601563785103e-5	-0.0003234129349444346	0.2699624471066304
-5.705934466589528e-5	-0.0002992528706644159	0.26996244713746576
-5.993274065141225e-5	-0.000275426326438978	0.2699624471717132
-6.256968852309359e-5	-0.00025196324789728984	0.2699624472092596
-6.497396465798014e-5	-0.0002288919790800192	0.269962447249957
-6.714962107896131e-5	-0.00020623930511621494	0.2699624472936271
-6.910097008124434e-5	-0.00018403049534039144	0.26996244734006575
-7.083256929172525e-5	-0.00016228934675579203	0.2699624473890468
-7.234920716424528e-5	-0.00014103822774821302	0.2699624474403264
-7.365588891273923e-5	-0.00012029812195057807	0.26996244749364656
-7.475782288334693e-5	-0.00010008867217096023	0.269962447548739
-7.566040736568436e-5	-8.042822429652646e-5	0.26996244760532834
-7.636921784265434e-5	-6.133387109747057e-5	0.2699624476631354
-7.688999467739617e-5	-4.282149585089371e-5	0.26996244772188016
-7.722863123523167e-5	-2.490581571620689e-5	0.26996244778128464
-7.739116243781791e-5	-7.600424801039954e-6	0.26996244784107515
-7.738375374608822e-5	9.082163146977565e-6	0.2699624479009849
-7.721269056797336e-5	2.5130472475994863e-5	0.2699624479607558
-7.688436808640777e-5	4.053402383712532e-5	0.26996244802014047
-7.640528150265861e-5	5.528329291270664e-5	0.26996244807890385
-7.578201668957222e-5	6.936966970457159e-5	0.2699624481368246
-7.502124124900124e-5	8.27854184096236e-5	0.2699624481936961
-7.412969596737689e-5	9.552363791524724e-5	0.2699624482493277
-7.311418666311066e-5	0.00010757822293799888	0.2699624483035454
-7.198157641931595e-5	0.00011894382582094336	0.26996244835619226
-7.073877819518738e-5	0.0001296158190047712	0.26996244840712913
-6.93927478092714e-5	0.00013959025817842347	0.2699624484562345
-6.795047728781201e-5	0.00014886384611345545	0.2699624485034049
-6.641898857134231e-5	0.0001574338971804859	0.26996244854855445
-6.48053275727438e-5	0.000165298302539216	0.2699624485916149
-6.311655858008899e-5	0.000172455495991747	0.26996244863253505
-6.13597589977185e-5	0.00017890442048235192	0.2699624486712803
-5.954201441919159e-5	0.0001846444952230293	0.269962448707832
-5.76704140259786e-5	0.00018967558341956856	0.2699624487421868
-5.575204630604678e-5	0.0001939979605667953	0.26996244877435566
-5.379399508681643e-5	0.00019761228327927477	0.26996244880436304
-5.1803335877329176e-5	0.00020051955861817577	0.26996244883224596
-4.978713251488188e-5	0.00020272111387128252	0.2699624488580528
-4.775243411184131e-5	0.00020421856673683247	0.26996244888184245
-4.570627229885561e-5	0.00020501379586030698	0.26996244890368293
-4.365565876122058e-5	0.00020510891166669853	0.2699624489236504
-4.160758306574878e-5	0.0002045062274276618	0.269962448941828
-3.956901077611972e-5	0.0002032082304981506	0.2699624489583047
-3.754688185536481e-5	0.00020121755365283135	0.26996244897317395
-3.55481093548576e-5	0.00019853694644861043	0.2699624489865328
-3.357957838994127e-5	0.00019516924653465535	0.26996244899848065
-3.164814540312787e-5	0.0001911173508280251	0.26996244900911814
-2.9760637716650127e-5	0.0001863841864675241	0.2699624490185462
-2.7923853377038228e-5	0.000180972681454856	0.2699624490268651
-2.6144561295326325e-5	0.00017488573488752467	0.2699624490341734
-2.4429501687471418e-5	0.00016812618668345683	0.2699624490405672
-2.2785386820587727e-5	0.00016069678669328107	0.26996244904613953
-2.1218902071665103e-5	0.0001526001630912438	0.26996244905097944
-1.9736707306550022e-5	0.00014383878993177264	0.2699624490551716
-1.834543858812191e-5	0.0001344149537538494	0.26996244905879574
-1.7051710223797166e-5	0.00012433071911109958	0.26996244906192646
-1.5862117163737728e-5	0.00011358789290078754	0.2699624490646329
-1.4783237762431892e-5	0.00010218798736037987	0.2699624490669787
-1.382163691765114e-5	9.013218159577068e-5	0.2699624490690221
-1.2983869602169462e-5	7.742128150056472e-5	0.2699624490708161
-1.2276484805060692e-5	6.405567792118935e-5	0.26996244907240885
-1.1706029900864954e-5	5.0035302917958205e-5	0.26996244907384415
-1.1279055466437693e-5	3.535958396749388e-5	0.26996244907516226
-1.100212056686359e-5	2.0027395947326697e-5	0.2699624490764006
-1.0881798533435481e-5	4.037010738295129e-6	0.269962449077595
