-0.7762336186117568
-0.8556809235850735
-0.9326653633568209
-0.9994385935005676
-1.0000000143228502
-1.0000000132543374
-1.0000000121966408
-1.0000000111510243
-1.0000000101186761
-1.00000000910071
-1.0000000080981697
-1.0000000071120303
-1.0000000061432017
-1.0000000051925302
-1.0000000042608006
-1.00000000334874
-1.0000000024570181
-1.0000000015862502
-1.0000000007369998
-0.9999999999097796
-0.9999999991050533
-0.999999998323239
-0.999999997564709
-0.999999996829793
-0.9999999961187792
-0.9999999954319159
-0.9999999947694133
-0.9999999941314447
-0.9999999935181484
-0.9999999929296293
-0.9999999923659593
-0.9999999918271795
-0.9999999913133014
-0.9999999908243083
-0.9999999903601561
-0.9999999899207744
-0.9999999895060686
-0.9999999891159199
-0.999999988750187
-0.9999999884087074
-0.9999999880912973
-0.9999999877977542
-0.9999999875278567
-0.9999999872813655
-0.999999987058025
-0.9999999868575634
-0.9999999866796943
-0.9999999865241167
-0.9999999863905168
-0.999999986278568
-0.9999999861879316
-0.9999999861182585
-0.9999999860691884
-0.9999999860403523
-0.9999999860313717
-0.9999999860418598
-0.9999999860714223
-0.9999999861196579
-0.9999999861861587
-0.9999999862705111
-0.999999986372296
-0.9999999864910899
-0.9999999866264648
-0.9999999867779893
-0.9999999869452284
-0.9999999871277448
-0.9999999873250992
-0.9999999875368499
-0.9999999877625544
-0.999999988001769
-0.9999999882540501
-0.9999999885189532
-0.9999999887960351
-0.9999999890848528
-0.9999999893849643
-0.9999999896959294
-0.9999999900173097
-0.9999999903486686
-0.9999999906895723
-0.9999999910395898
-0.9999999913982929
-0.9999999917652569
-0.999999992140061
-0.9999999925222878
-0.9999999929115245
-0.9999999933073628
-0.9999999937093986
-0.9999999941172331
-0.9999999945304724
-0.9999999949487279
-0.999999995371617
-0.9999999957987621
-0.999999996229792
-0.9999999966643413
-0.9999999971020508
-0.9999999975425681
-0.9999999979855467
-0.9999999984306475
-0.9999999988775375
-0.999999999325891
-0.9999999997753893
-1.0000000002257208
-1.0000000006765808
-1.0000000011276726
-1.0000000015787065
-1.0000000020294
-1.0000000024794784
-0.9999371358873879
-0.9742730933763577
-0.9478527611828617
-0.9216719934161292
-0.8957424868277309
-0.8700752608756551
-0.8446806719604506
-0.8195684279268521
-0.7947476028068886
-0.7702266517800074
-0.7460134263254374
-0.7221151895417611
-0.698538631608627
-0.6752898853655079
-0.6523745419825655
-0.6297976666989027
-0.6075638146038117
-0.5856770464370463
-0.5641409443846382
-0.5429586278473557
-0.5221327691595437
-0.5016656092367968
-0.4815589731316636
-0.4618142854774037
-0.4424325858006649
-0.4234145436848336
-0.4047604737667315
-0.3864703505502699
-0.3685438230216328
-0.35098022905153176
-0.33377860957104766
-0.31693772250856445
-0.30045605647626944
-0.2843318441956765
-0.2685630756525806
-0.25314751097281424
-0.23808269301109264
-0.22336595964616124
-0.2089944557763435
-0.19496514501044798
-0.18127482104984238
-0.16792011875830107
-0.15489752491702244
-0.14220338866295623
-0.12983393160929801
-0.117785257647692
-0.10605336243233447
-0.09463414254678487
-0.08352340435487325
-0.0727168725376384
-0.06221019831875055
-0.051998967381343936
-0.04207870747963591
-0.03244489574912167
-0.02309296571951227
-0.014018314034934686
-0.00521630688623334
0.00331771383950349
0.011588424686806445
0.019600515031458172
0.027358681746076984
0.03486762412564478
0.04213203906683022
0.04915661649481513
0.055946035031232334
0.06250495789673442
0.0688380290416423
0.074949869498084
0.08084507394699414
0.08652820749334261
0.09200380264295537
0.09727635647431544
0.10235032799876188
0.10723013570254666
0.11192015526427274
0.11642471744129636
0.12074810611876
0.12489455651500542
0.12886825353721335
0.13267333028121542
0.13631386666953638
0.13979388822183605
0.14311736495204097
0.14628821038658085
0.149310280698271
0.15218737395051637
0.15492322944664288
0.15752152717930046
0.1599858873750182
0.16231987012913557
0.16452697512646614
0.16661064144319454
0.16857424742564947
0.17042111064173046
0.17215448790091048
0.1737775753388669
0.17529350856294082
0.17670536285475066
0.17801615342642402
0.17922883572704418
0.18034630579603309
0.18137140066032914
0.18230689877232878
0.18315552048569983
0.18391992856628253
0.18460272873541692
0.18520647024314754
0.1857336464688713
0.18618669554709957
0.1865680010161129
0.1868798924873915
0.18712464633380096
0.18730448639461364
0.1874215846955368
0.18747806218201243
0.18747598946414143
0.18741738757166518
0.18730422871752894
0.1871384370686232
0.18692188952237848
0.18665641648796286
0.18634380267090336
0.18598578786001793
0.1855840677156146
0.1851402945579729
0.18465607815518686
0.18413298650950546
0.18357254664136058
0.18297624537033075
0.18234553009233267
0.18168180955238805
0.18098645461235582
0.18026079901306644
0.17950614013033525
0.17872373972437505
0.17791482468216416
0.17708058775236413
0.1762221882724167
0.17534075288748135
0.17443737626090658
0.17351312177596082
0.17256902222857082
0.17160608051085008
0.1706252702852193
0.16962753664894667
0.1686137967889608
0.16758494062680673
0.16654183145363743
0.1654853065551541
0.16441617782642293
0.1633352323765152
0.16224323312293204
0.16114091937579283
0.1600290074117753
0.15890819103781295
0.15777914214456445
0.15664251124968354
0.15549892803092588
0.15434900184914052
0.15319332226120355
0.152032459522958
0.15086696508223205
0.14969737206201766
0.14852419573389436
0.14734793398179008
0.14616906775618024
0.14498806151882349
0.14380536367814653
0.1426214070153868
0.14143660910160857
0.14025137270571267
0.13906608619356067
0.13788112391833837
0.13669684660228335
0.13551360170990867
0.13433172381284902
0.13315153494646395
0.13197334495832885
0.13079745184874908
0.12962414210342973
0.1284536910184372
0.12728636301758708
0.1261224119623934
0.1249620814547142
0.12380560513222881
0.12265320695687983
0.12150510149641544
0.12036149419916368
0.1192225816621717
0.11808855189284172
0.11695958456419388
0.11583585126388547
0.11471751573711465
0.11360473412353611
0.1124976551883142
0.11139642054743806
0.11030116488742103
0.1092120161795071
0.10812909588850332
0.10705251917635691
0.10598239510059415
0.10491882680773604
0.103861911721804
0.10281174172802908
0.10176840335187243
0.10073197793346775
0.09970254179759182
0.09868016641926802
0.09766491858510658
0.0966568605504835
0.09565605019265756
0.09466254115992434
0.09367638301690384
0.09269762138605571
0.0917262980855169
0.09076245126335196
0.08980611552830628
0.08885732207715068
0.08791609881870446
0.08698247049462059
0.08605645879701777
0.08513808248304049
0.08422735748642758
0.08332429702616863
0.08242891171232389
0.08154120964908544
0.08066119653515258
0.07978887576149467
0.0789242485065731
0.07806731382909253
0.07721806875834894
0.07637650838224389
0.07554262593302918
0.07471641287084771
0.07389785896513387
0.07308695237393542
0.07228367972121845
0.07148802617221453
0.07069997550687003
0.06991951019145412
0.06914661144838233
0.06838125932431147
0.06762343275655998
0.06687310963790727
0.06613026687982446
0.06539488047418798
0.06466692555352675
0.06394637644985227
0.06323320675212091
0.06252738936237563
0.061828896550614944
0.06113770000843505
0.06045377090149071
0.05977707992081982
0.059107597333075766
0.058445293029710875
0.057790136575153736
0.057142097254022736
0.056501144117416933
0.055867246028325726
0.055240371706197146
0.05462048977070509
0.054007568784754705
0.05340157729676469
0.05280248388226496
0.052210257184848174
0.0516248659565119
0.05104627909742949
0.0504744656951859
0.04990939506351544
0.04935103678057786
0.04879936072680821
0.04825433712237692
0.047715936564295215
0.04718413006320139
0.046658889079863444
0.04614018556143232
0.04562799197748199
0.04512228135586994
0.04462302731845389
0.04413020411669902
0.04364378666721059
0.04316375058722696
0.042690072230107755
0.04222272872085188
0.04176169799168108
0.041306958817723435
0.040858490852833086
0.04041627466558048
0.03998029177545058
0.03955052468928332
0.03912695693799419
0.03870957311361009
0.03829835890665901
0.037893301143949204
0.03749438782677725
0.03710160816960191
0.03671495263922314
0.03633441299450513
0.035959982326683466
0.035591655100296125
0.03522942719477983
0.03487329594677281
0.034523260193166566
0.03417932031494934
0.03384147828188523
0.03350973769807334
0.03318410384843229
0.0328645837461566
0.032551186181191724
0.0322439217697762
0.03194280300509992
0.03164784430912886
0.031359062085647364
0.03107647477457056
0.030800102907580836
0.03052996916514291
0.03026609843495381
0.030008517871885524
0.029757256959479325
0.02951234757305178
0.029273824044475122
0.029041723228695002
0.028816084572051013
0.028596950182467024
0.02838436490157985
0.02817837637887675
0.027979035147914437
0.02778639470469374
0.02760051158826636
0.027421445463652605
0.027249259207150503
0.027084018994119434
0.026925794389323885
0.026774658439924864
0.026630687771209565
0.026493962685151973
0.02636456726190054
0.026242589464291005
0.026128121245485796
0.026021258659844507
0.025922101977132964
0.025830755800181317
0.02574732918610529
0.025671935771208004
0.025604693899683294
0.025545726756245193
0.02549516250281189
0.025453134419376536
0.025419781049201316
0.025395246348475294
0.025379679840580847
0.02537323677511818
0.025376078291841728
0.02538837158966732
0.025410290100913713
0.025442013670947197
0.02548372874340347
0.02553562855116611
0.025597913313286785
0.0256707904380382
0.025754474732296515
0.02584918861745654
0.025955162352089098
0.02607263426155675
0.026201850974810835
0.026343067668599902
0.0264965483193268
0.026662565962799503
0.026841402962128027
0.027033351284028485
0.027238712783803024
0.02745779949927346
0.02769093395395509
0.027938449469766025
0.02820069048957768
0.028478012909920747
0.02877078442417206
0.029079384876557486
0.02940420662731721
0.029745654929390557
0.03010414831698932
0.030480119006440123
0.03087401330968899
0.03128629206087332
0.03171743105638043
0.03216792150882458
0.032638270515388694
0.03312900154099142
0.033640654916754914
0.03417378835426428
0.034728977476125356
