15.495185495375129
14.876822017147624
14.27833343949816
13.699118251610564
13.138592787743223
12.59619070149949
12.071362455547973
11.563574826339154
11.072310423378008
10.59706722262518
10.137358113611963
9.692710459866303
9.262665672259072
8.846778794891172
8.44461810315321
8.055764713600407
7.679812205295664
7.316366252284148
6.96504426687242
6.625475053394922
6.297298472159799
5.980165113275092
5.6737359800652865
5.377682181796406
5.091684635436454
4.815433776185715
4.5486292765194385
4.290979773492918
4.042202604066308
3.8020235482135654
3.5701765795869953
3.3464036235155046
3.1304543221210004
2.922085806344162
2.7210624746762964
2.527155778400628
2.340144013151612
2.159812116606762
1.9859514721309175
1.8183597181979874
1.656840563420534
1.5012036070225339
1.3512641645951877
1.206843098980892
1.0677666561344665
0.9338663058155774
0.804978586970373
0.6809449576644866
0.5616116494339138
0.44682952592371095
0.33645394568870657
0.2303446290338904
0.12836552877578455
0.03038470480958466
-0.06372579762972386
-0.15409006612086884
-0.2408284357296946
-0.3240576003048137
-0.40389072049467245
-0.4804375285825149
-0.553804430232514
-0.6240946032381878
-0.6914080933608755
-0.7558419073439957
-0.8174901031859907
-0.8764438777526244
-0.9327916518067418
-0.9866191525314321
-1.0380094936202848
-1.0870432530063
-1.1337985482986959
-1.1783511099952602
-1.2207743525353951
-1.2611394432574752
-1.2995153693220534
-1.3359690026608373
-1.3705651630093136
-1.403366679079502
-1.4344344479275222
-1.4638274925689334
-1.4916030178935138
-1.5178164649294104
-1.5425215635052325
-1.56577038335719
-1.5876133837270263
-1.6080994614951027
-1.627275997891772
-1.6451889038287906
-1.661882663891463
-1.6774003790308072
-1.6917838079940335
-1.7050734075305414
-1.717308371409203
-1.7285266682823064
-1.7387650784297044
-1.7480592294163326
-1.7564436306951006
-1.7639517071859938
-1.7706158318617842
-1.7764673573693344
-1.781536646715093
-1.7858531030421485
-1.789445198525737
-1.7923405024130297
-1.7945657082325326
-1.7961466601973743
-1.7971083788263496
-1.797475085805754
-1.797270228114252
-1.7965165014326256
-1.7952358728593847
-1.793449602952638
-1.791178267118223
-1.7884417763632285
-1.7852593974336202
-1.7816497723541413
-1.7776309373881585
-1.7732203414343726
-1.7684348638772303
-1.763290831906886
-1.7578040373245543
-1.7519897528483597
-1.745862747934268
-1.7394373041266924
-1.7327272299523226
-1.7257458753708566
-1.7185061457956614
-1.711020515696955
-1.7033010418000032
-1.6953593758900425
-1.6872067772357564
-1.678854124642406
-1.6703119281456615
-1.6615903403565824
-1.652699167468267
-1.6436478799339032
-1.6344456228260906
-1.6251012258868887
-1.6156232132774875
-1.6060198130366299
-1.5962989662562528
-1.586468335982687
-1.5765353158516326
-1.5665070384646658
-1.5563903835149322
-1.5461919856695392
-1.5359182422156987
-1.5255753204777012
-1.5151691650114625
-1.5047055045832032
-1.4941898589387144
-1.4836275453693215
-1.4730236850806033
-1.4623832093697011
-1.4517108656168816
-1.4410112230968526
-1.4302886786151365
-1.4195474619747603
-1.408791641278178
-1.3980251280694151
-1.3872516823210734
-1.3764749172708974
-1.3656983041122377
-1.354925176542821
-1.344158735176082
-1.3334020518189362
-1.322658073620218
-1.3119296270933862
-1.30121942201737
-1.2905300552191523
-1.2798640142414985
-1.2692236808994366
-1.2586113347285686
-1.248029156328597
-1.2374792306051283
-1.2269635499127105
-1.2164840171021325
-1.2060424484748236
-1.1956405766470297
-1.185280053326574
-1.1749624520046975
-1.1646892705655372
-1.1544619338157904
-1.14428179593674
-1.1341501428612037
-1.124068194577351
-1.1140371073619466
-1.1040579759447091
-1.0941318356061345
-1.0842596642107
-1.074442384177262
-1.0646808643887251
-1.0549759220426047
-1.0453283244443412
-1.0357387907451159
-1.0262079936257056
-1.0167365609281376
-1.0073250772365796
-0.9979740854090267
-0.9886840880613281
-0.9794555490049035
-0.9702888946394843
-0.9611845153024134
-0.9521427665755926
-0.9431639705515469
-0.9342484170596421
-0.925396364853782
-0.9166080427627392
-0.9078836508041839
-0.8992233612634948
-0.8906273197385097
-0.8820956461511447
-0.8736284357269053
-0.8652257599433035
-0.8568876674479942
-0.8486141849477562
-0.8404053180689832
-0.8322610521906579
-0.8241813532506121
-0.8161661685258856
-0.80821542738801
-0.8003290420338374
-0.7925069081929053
-0.7847489058117052
-0.7770548997159104
-0.7694247402510008
-0.7618582639019902
-0.7543552938929459
-0.7469156407668525
-0.7395391029464804
-0.7322254672767521
-0.7249745095492557
-0.7177859950094287
-0.7106596788468504
-0.7035953066693565
-0.6965926149612329
-0.6896513315261554
-0.6827711759153061
-0.6759518598409926
-0.6691930875764349
-0.6624945563419864
-0.6558559566781881
-0.6492769728061916
-0.6427572829758805
-0.6362965598019947
-0.6298944705887024
-0.623550677643042
-0.6172648385774036
-0.6110366066015338
-0.6048656308043459
-0.5987515564258636
-0.5926940251195116
-0.5866926752052315
-0.5807471419135517
-0.5748570576209566
-0.5690220520768285
-0.5632417526222255
-0.557515784400703
-0.5518437705615309
-0.5462253324554371
-0.5406600898231488
-0.5351476609770263
-0.5296876629758618
-0.5242797117932376
-0.5189234224794763
-0.5136184093175142
-0.5083642859727959
-0.5031606656374876
-0.49800716116908106
-0.4929033852235989
-0.4878489503836274
-0.4828434692812955
-0.4778865547163509
-0.4729778197695058
-0.46811687791124257
-0.46330334310615306
-0.45853682991300104
-0.4538169535806649
-0.44914333014003205
-0.44451557649201767
-0.43993331049186857
-0.43539615102976725
-0.43090371810798267
-0.42645563291459965
-0.42205151789393547
-0.41769099681382293
-0.4133736948298079
-0.4090992385463199
-0.40486725607508234
-0.4006773770906378
-0.3965292328832124
-0.3924224564090615
-0.3883566823381983
-0.3843315470997659
-0.38034668892505863
-0.37640174788828595
-0.3724963659451195
-0.36863018696914374
-0.3648028567863211
-0.36101402320740483
-0.35726333605851224
-0.35355044720980366
-0.34987501060250636
-0.34623668227407123
-0.3426351203818321
-0.33906998522494014
-0.33554093926486495
-0.33204764714440316
-0.3285897757051597
-0.3251669940038049
-0.3217789733268699
-0.3184253872043463
-0.3151059114220356
-0.3118202240326724
-0.3085680053659541
-0.3053489380374419
-0.30216270695640723
-0.29900899933264924
-0.2958875046823479
-0.2927979148329438
-0.28973992392713654
-0.28671322842597924
-0.2837175271111736
-0.2807525210864785
-0.277817913778458
-0.27491341093636734
-0.2720387206313646
-0.2691935532550822
-0.2663776215174636
-0.2635906404440025
-0.2608323273723734
-0.2581024019484772
-0.2554005861219082
-0.25272660414093195
-0.25008018254688125
-0.24746105016814113
-0.244868938113612
-0.24230357976574268
-0.23976471077311068
-0.2372520690426363
-0.23476539473138835
-0.23230443023797775
-0.22986892019365968
-0.22745861145305213
-0.22507325308457737
-0.22271259636051965
-0.2203763947468751
-0.21806440389288362
-0.21577638162028911
-0.2135120879123864
-0.21127128490279112
-0.20905373686404793
-0.2068592101959279
-0.20468747341364768
-0.20253829713580984
-0.20041145407221883
-0.19830671901149088
-0.19622386880856446
-0.19416268237199397
-0.19212294065119018
-0.19010442662346527
-0.1881069252810068
-0.1861302236177238
-0.18417411061598266
-0.18223837723327385
-0.18032281638878622
-0.17842722294991908
-0.17655139371866824
-0.17469512741805637
-0.17285822467837164
-0.17104048802350214
-0.1692417218570892
-0.1674617324487624
-0.16570032792024314
-0.16395731823151394
-0.16223251516689885
-0.1605257323211653
-0.1588367850855903
-0.15716549063404273
-0.15551166790905846
-0.15387513760790128
-0.1522557221686789
-0.15065324575640915
-0.1490675342491432
-0.14749841522409746
-0.14594571794378908
-0.14440927334224263
-0.14288891401117354
-0.14138447418624267
-0.13989578973333217
-0.13842269813484442
-0.13696503847607033
-0.13552265143159659
-0.13409537925172188
-0.13268306574898503
-0.13128555628466465
-0.1299026977554174
-0.12853433857992513
-0.12718032868556683
-0.12584051949521324
-0.12451476391407468
-0.12320291631653824
-0.1219048325331702
-0.12062036983770597
-0.11934938693415198
-0.1180917439439213
-0.11684730239307584
-0.11561592519961117
-0.11439747666083555
-0.1131918224407702
-0.1119988295577059
-0.11081836637177034
-0.10965030257258945
-0.10849450916701997
-0.1073508584670062
-0.10621922407740492
-0.10509948088401444
-0.10399150504161447
-0.10289517396208225
-0.10181036630262952
-0.10073696195407322
-0.09967484202921106
-0.09862388885131779
-0.09758398594260775
-0.09655501801293553
-0.09553687094844321
-0.09452943180037998
-0.09353258877393777
-0.09254623121724315
-0.09157024961035809
-0.09060453555440873
-0.08964898176080283
-0.08870348204049705
-0.0877679312933708
-0.08684222549767107
-0.08592626169957995
-0.08501993800279095
-0.08412315355823807
-0.08323580855388002
-0.08235780420455541
-0.08148904274194813
-0.08062942740461665
-0.07977886242811572
-0.07893725303518195
-0.0781045054260332
-0.07728052676873354
-0.07646522518960985
-0.07565850976380162
-0.07486029050588172
-0.07407047836050218
-0.07328898519321392
-0.07251572378126525
-0.07175060780457798
-0.07099355183671108
-0.07024447133598954
-0.06950328263664396
-0.06876990294005303
-0.06804425030609096
-0.06732624364449613
-0.0666158027063748
-0.06591284807574205
-0.06521730116113567
-0.06452908418736669
-0.06384812018725228
-0.06317433299350483
-0.06250764723064606
-0.06184798830701865
-0.061195282406867335
-0.060549456482482
-0.05991043824644038
-0.05927815616387555
-0.05865253944488025
-0.05803351803690049
-0.057421022617305084
-0.05681498458592671
-0.05621533605770779
-0.05562200985545651
-0.0550349395025993
-0.054454059216068273
-0.053879303899202924
-0.053310609134756604
-0.0527479111779563
-0.05219114694962457
-0.05164025402936012
-0.05109517064882674
-0.050555835685051065
-0.05002218865381991
-0.04949416970310416
-0.04897171960664082
-0.048454779757413746
-0.04794329216137072
-0.04743719943111202
-0.046936444779598574
-0.04644097201406261
-0.045950725529813496
-0.04546565030422478
-0.04498569189073898
-0.04451079641289013
-0.04404091055847381
-0.043575981573697575
-0.04311595725743089
-0.04266078595547107
-0.042210416554938845
-0.04176479847864378
-0.04132388167955092
-0.040887616635316704
-0.04045595434285332
-0.040028846312930355
-0.039606244564886595
-0.03918810162134534
-0.03877437050298305
-0.03836500472339743
-0.03795995828396492
-0.03755918566881
-0.037162641839756816
-0.036770282231405105
-0.0363820627462168
-0.03599793974962928
-0.03561787006526451
-0.03524181097015777
-0.03486972019004497
-0.034501555894712155
-0.03413727669334321
-0.03377684162997063
-0.033420210178942256
-0.03306734224043417
-0.032718198136020504
-0.032372738604284024
-0.03203092479647296
-0.031692718272188
-0.031358080995127935
-0.031026975328890316
-0.03069936403276685
-0.030375210257659546
-0.030054477541947122
-0.02973712980748111
-0.029423131355532206
-0.02911244686288761
-0.028805041377887974
-0.028500880316540744
-0.028199929458708084
-0.02790215494428594
-0.027607523269441714
-0.027316001282871483
-0.027027556182153134
-0.0267421555100551
-0.026459767150965874
-0.026180359327268476
-0.025903900595841023
-0.0256303598445502
-0.025359706288771378
-0.025091909467976237
-0.024826939242322155
-0.02456476578929845
-0.02430535960041702
-0.024048691477879913
-0.023794732531378315
-0.023543454174843603
-0.023294828123242795
-0.023048826389434396
-0.02280542128104912
-0.022564585397409687
-0.022326291626434625
-0.022090513141652224
-0.02185722339916829
-0.02162639613472983
-0.021398005360779848
-0.021172025363544122
-0.02094843070016239
-0.020727196195847952
-0.0205082969410757
-0.020291708288782573
-0.020077405851644414
-0.019865365499294185
-0.019655563355671646
-0.01944797579631441
-0.01924257944576091
-0.019039351174875208
-0.018838268098305022
-0.018639307571907793
-0.018442447190210487
-0.01824766478388895
-0.01805493841729877
-0.017864246386036342
-0.0176755672144715
-0.017488879653367206
-0.017304162677483248
-0.017121395483224333
-0.016940557486323726
-0.016761628319526878
-0.01658458783029282
-0.016409416078543515
-0.016236093334452306
-0.016064600076209246
-0.015894916987811314
-0.015727024956946778
-0.01556090507282093
-0.015396538624020906
-0.015233907096458665
-0.015072992171251798
-0.014913775722698475
-0.014756239816227534
-0.01460036670638587
-0.014446138834854239
-0.014293538828484387
-0.014142549497311308
-0.013993153832691618
-0.013845335005317594
-0.013699076363375084
-0.013554361430681894
-0.013411173904779972
-0.013269497655185702
-0.013129316721515849
-0.012990615311695208
-0.012853377800247756
-0.012717588726472329
-0.012583232792733767
-0.01245029486273097
-0.012318759959834225
-0.012188613265362136
-0.012059840116922516
-0.011932426006790564
-0.011806356580244426
-0.011681617633987784
-0.011558195114519165
-0.01143607511658118
-0.01131524388157601
-0.011195687796043075
-0.011077393390095835
-0.010960347335949194
-0.010844536446375841
-0.010729947673263851
-0.010616568106135205
-0.010504384970680292
-0.01039338562733505
-0.010283557569875867
-0.010174888423984285
-0.01006736594586144
-0.009960978020872702
-0.009855712662174554
-0.009751558009355676
-0.009648502327095798
-0.009546534003895601
-0.009445641550714257
-0.009345813599706432
-0.00924703890294154
-0.009149306331119433
-0.009052604872364256
-0.00895692363093481
-0.008862251826023737
-0.00876857879054782
-0.00867589396993651
-0.008584186920970183
-0.008493447310552682
-0.008403664914624187
-0.008314829616935526
-0.008226931407962823
-0.008139960383758194
-0.008053906744848405
-0.00796876079514064
-0.007884512940780297
-0.007801153689143803
-0.007718673647714169
-0.0076370635230667006
-0.007556314119785412
-0.007476416339459391
-0.007397361179645401
-0.007319139732857138
-0.0072417431855758
-0.007165162817221571
-0.007089389999222817
-0.007014416194014217
-0.0069402329540757535
-0.006866831921005456
-0.0067942048245566156
-0.0067223434817211825
-0.006651239795793629
-0.006580885755500532
-0.006511273434027132
-0.00644239498821797
-0.006374242657612328
-0.006306808763619998
-0.006240085708640208
-0.006174065975232068
-0.006108742125212174
-0.0060441067989014385
-0.005980152714219145
-0.005916872665915562
-0.005854259524731731
-0.005792306236635625
-0.005731005821967727
-0.005670351374741145
-0.00561033606178718
-0.005550953122025248
-0.005492195865702598
-0.005434057673642911
-0.005376531996493128
-0.0053196123539969165
-0.005263292334261038
-0.005207565593046581
-0.005152425853035325
-0.005097866903152948
-0.005043882597851379
-0.004990466856424902
-0.004937613662338691
-0.004885317062534256
-0.004833571166770412
-0.00478237014697136
-0.004731708236558774
-0.004681579729833629
-0.004631978981286977
-0.0045829004050279565
-0.004534338474085686
-0.0044862877198816875
-0.004438742731526446
-0.004391698155282953
-0.0043451486939130035
-0.004299089106135412
-0.004253514206013165
-0.0042084188623512375
-0.004163797998176122
-0.004119646590122983
-0.004075959667900975
-0.004032732313726584
-0.003989959661771181
-0.003947636897622786
-0.003905759257763819
-0.0038643220290204283
-0.0038233205480366905
-0.0037827502007665714
-0.003742606421944572
-0.0037028846946025595
-0.0036635805495475182
-0.003624689564860617
-0.0035862073654389093
-0.0035481296224499914
-0.0035104520529269934
-0.0034731704192250135
-0.003436280528585911
-0.0033997782326711246
-0.003363659427101595
-0.003327920050995914
-0.0032925560865297854
-0.003257563558486609
-0.003222938533824049
-0.0031886771212334963
-0.0031547754707155207
-0.0031212297731730843
-0.00308803625994436
-0.0030551912024439076
-0.0030226909117221368
-0.00299053173806918
-0.0029587100706205405
-0.0029272223369378736
-0.002896065002659043
-0.0028652345710771243
-0.0028347275827886875
-0.0028045406152781283
-0.002774670282587266
-0.0027451132349192164
-0.0027158661583097654
-0.002686925774220583
-0.002658288839223033
-0.002629952144639347
-0.0026019125161873546
-0.0025741668136554097
-0.0025467119305577768
-0.0025195447938148874
-0.0024926623633945155
-0.0024660616320222317
-0.0024397396248367897
-0.002413693399113015
-0.0023879200439047565
-0.002362416679753565
-0.0023371804584293443
-0.00231220856255554
-0.0022874982053746606
-0.002263046630446297
-0.002238851111348694
-0.002214908951403416
-0.0021912174834124443
-0.002167774069341988
-0.0021445761001217534
-0.002121620995319873
-0.002098906202899542
-0.0020764291989934236
-0.0020541874876069954
-0.0020321786003982822
-0.002010400096420284
-0.001988849561882944
-0.001967524609925775
-0.0019464228803780514
-0.0019255420395332123
-0.0019048797799285921
-0.0018844338201073896
-0.00186420190445169
-0.0018441818029089063
-0.001824371310826578
-0.0018047682487303263
-0.001785370462153324
-0.0017661758214018164
-0.0017471822213952493
-0.001728387581469093
-0.0017097898451883253
-0.0016913869801946646
-0.0016731769780129468
-0.001655157853862832
-0.0016373276465575515
-0.0016196844182800874
-0.0016022262544712618
-0.0015849512636378904
-0.0015678575772692938
-0.001550943349633016
-0.0015342067576629148
-0.001517646000850803
-0.0015012593010848008
-0.0014850449025427537
-0.0014690010715643353
-0.0014531260965640058
-0.0014374182879102193
-0.0014218759778028556
-0.0014064975202128238
-0.0013912812907488359
-0.0013762256866183264
-0.0013613291265066607
-0.0013465900505238437
-0.001332006920122808
-0.0013175782180390172
-0.0013033024482353994
-0.0012891781358490562
-0.001275203827134419
-0.0012613780894277227
-0.0012476995110972666
-0.0012341667015753899
-0.0012207782912341258
-0.0012075329314598093
-0.0011944292946068913
-0.0011814660739659644
-0.0011686419838348172
-0.0011559557594722492
-0.0011434061571442555
-0.001130991954120475
-0.0011187119487452435
-0.0011065649604518057
-0.0010945498298227108
-0.0010826654186182338
-0.0010709106098758525
-0.00105928430796709
-0.0010477854386756746
-0.0010364129492828056
-0.0010251658086666282
-0.0010140430074017104
-0.0010030435579082564
-0.0009921664945196085
-0.000981410873666988
-0.0009707757739931822
-0.0009602602965514961
-0.0009498635648803599
-0.000939584725269782
-0.000929422946910563
-0.0009193774221039064
-0.0009094473664177372
-0.0008996320190064466
-0.0008899306427423426
-0.0008803425244998664
-0.0008708669754611265
-0.0008615033312722176
-0.000852250952476652
-0.0008431092246503624
-0.000834077558852897
-0.0008251553918583454
-0.0008163421865319265
-0.0008076374321994706
-0.0007990406449849274
-0.0007905513682118226
-0.0007821691728295832
-0.0007738936577901256
-0.0007657244504990501
-0.000757661207309468
-0.0007497036139270108
-0.0007418513859569487
-0.0007341042694086752
-0.0007264620411859823
-0.0007189245097016794
-0.0007114915153856316
-0.0007041629313206954
-0.0006969386638679964
-0.0006898186532424688
-0.0006828028742660308
-0.0006758913369822039
-0.0006690840873986303
-0.0006623812082082736
-0.0006557828195958848
-0.000649289079962756
-0.000642900186786477
-0.0006366163774558231
-0.0006304379301838026
-0.0006243651648354387
-0.0006183984439260826
-0.0006125381735948565
-0.0006067848045709923
-0.0006011388332325396
-0.0005956008026721804
-0.0005901713038163336
-0.0005848509765336019
-0.0005796405108817737
-0.0005745406482660087
-0.0005695521827497885
-0.000564675962305472
-0.000559912890224723
-0.0005552639264720938
-0.0005507300890883471
-0.0005463124557536503
-0.0005420121652583987
-0.0005378304191090422
-0.0005337684831552281
-0.0005298276892453657
-0.000526009437031405
-0.0005223151956812444
-0.0005187465057971963
-0.0005153049812882671
-0.0005119923113490188
-0.000508810262495274
-0.0005057606806744275
-0.0005028454933864168
-0.000500066711978775
-0.00049742643388484
-0.0004949268450786803
-0.0004925702224234385
-0.0004903589362861283
-0.0004882954531097994
-0.00048638233807096753
-0.00048462225792178515
-0.00048301798376826355
-0.000481572394097185
-0.0004802884777426186
-0.0004791693370478356
-0.000478218191130253
-0.00047743837914637766
-0.0004768333637912292
-0.00047640673476578854
-0.00047616221253576896
-0.0004761036519624895
-0.0004762350462712561
-0.00047656053105171736
-0.00047708438831151057
-0.00047781105081767805
-0.0004787451063883452
-0.00047989130246151035
-0.0004812545507419941
-0.0004828399320011556
-0.0004846527009938484
-0.00048669829157077515
-0.0004889823219329514
-0.0004915106000886738
-0.0004942891293140406
-0.0004973241140575624
-0.0005006219657275324
-0.0005041893088915117
-0.0005080329875291056
-0.0005121600715334296
-0.0005165778633831053
-0.0005212939050522891
-0.0005263159851054411
-0.0005316521459839407
-0.0005373106915982362
-0.0005433001950567728
-0.000549629506679139
-0.0005563077622685597
-0.0005633443915993297
-0.0005707491271653709
-0.0005785320132396521
-0.0005867034151538775
-0.0005952740288979186
-0.0006042548909803713
-0.0006136573886372787
-0.0006234932702877671
-0.0006337746563733759
-0.0006445140504709457
-0.0006557243507785415
-0.0006674188619317789
-0.0006796113072109478
-0.0006923158410518937
-0.0007055470620169757
-0.000719320026115966
-0.0007336502605221895
-0.0007485537777389695
-0.0007640470901773
-0.000780147225169614
-0.000796871740445404
-0.0008142387400909001
-0.0008322668909688247
-0.0008509754396652802
-0.0008703842299007114
-0.0008905137205359459
-0.000911385004073173
-0.0009330198257349043
-0.0009554406031254126
-0.0009786704464835871
