0.0	0.0
0.0007747592747687562	0.15495185495375122
0.003068118925163649	0.30372007512522736
0.00681923634839083	0.44650340952020895
0.011969226356173448	0.5834945920363145
0.018461101915923754	0.7148805199137466
0.026239716650136195	0.8408424269287413
0.035251709042201006	0.961556051484221
0.04544544829836017	1.0771917997476124
0.05677098181700519	1.1879149039813923
0.06917998421795038	1.293885576207644
0.08262570788570742	1.3952591573437636
0.09706293498213837	1.4921862619424267
0.1124479308851756	1.5848129186650173
0.12873839901157033	1.673280706613929
0.14589343698286728	1.757726887645461
0.1638734940950019	1.8382845347814651
0.18264033005308133	1.915082656834422
0.20215697493403975	1.9882463193572635
0.222387690340956	2.0578967620259876
0.24329793171388564	2.124151512559937
0.264854311763093	2.187124497281535
0.2870245649915721	2.246926148414286
0.3097775132747182	2.303663508214939
0.3330830324659574	2.3574403300329028
0.3569120199980582	2.4083571763872675
0.3812363634507402	2.4565115141491245
0.4060289100560574	2.5019978069143187
0.43126343711387527	2.544907604649248
0.4569146232905711	2.5853296306899107
0.48295802077488087	2.6233498661720462
0.5093700282655806	2.659051631967916
0.5361278647664356	2.6925156682030713
0.5632095441645724	2.7238202114242815
0.5905938505691324	2.753041069487723
0.6182603143877434	2.780251694234486
0.6461891891190084	2.8055232520184923
0.6743614288398508	2.828924692150008
0.7027586663671812	2.850522813316076
0.7313631920739485	2.870382328037385
0.7601579333402323	2.888565925219365
0.789126434620597	2.90513433085357
0.8182528381094838	2.9201463669237957
0.8475218649869515	2.9336590085697476
0.876918797227598	2.9457274395595565
0.9064294599560003	2.956405106120901
0.9360402043325001	2.965743769179057
0.9657378909536393	2.973793555048761
0.99550987375201	2.9806030046254057
1.0253439843807357	2.986219121119745
1.0552285170682294	2.9906874163789823
1.0851522139293037	2.9940519558358694
1.115104250719114	2.996355402126208
1.145074223016815	2.997639057413966
1.1750521328261951	2.997942904462062
1.2050283755809343	2.997305646485765
1.234993727542486	2.995764745824556
1.2649393335789452	2.9933564614672594
1.2948566953136025	2.990115885464211
1.3247376596322198	2.9860769782592644
1.3545744075383832	2.9812726029734393
1.384359443346606	2.9757345586711144
1.4140855842031552	2.9694936126387326
1.4437459499248746	2.962579531705124
1.4733339531465586	2.955021112631684
1.5028432897677162	2.946846211599824
1.5322679296898267	2.938081772822298
1.5616021078354594	2.9287538563042306
1.5908403154408752	2.918887664778916
1.6199772916139834	2.908507569842713
1.6490080151497601	2.89763713731265
1.6779276965954717	2.8862991518296632
1.7067317705582685	2.8745156407297108
1.735415888247939	2.862307897204357
1.7639759102478196	2.849696502771782
1.7924078995070714	2.8367013490785618
1.820708114547724	2.8233416590519536
1.848873002880093	2.8096360074218607
1.8768991946203577	2.7956023406310657
1.904783496304272	2.7812579961517905
1.9325228848911615	2.766619721226101
1.960114501952528	2.7517036910471657
1.9875556480397532	2.736525526397872
2.0148437772255567	2.7211003107628193
2.041976491814017	2.7054426069292474
2.068951537214123	2.6895664730919773
2.095766796971968	2.6734854784770263
2.1224202879568437	2.657212718498109
2.1489101556966332	2.640760829459821
2.1752346698580367	2.6241420028209066
2.2013922198672944	2.6073679990305987
2.2273813106672007	2.5904501609506583
2.2532005586063306	2.573399426875353
2.2788486874565135	2.556226343161261
2.304324524554712	2.5389410764784377
2.3296269970655747	2.5215534256941408
2.3547551283610453	2.5040728333999773
2.37970803451351	2.486508397093026
2.404484920899081	2.4688688800211662
2.4290850789076996	2.4511627217025485
2.4535078827568566	2.433398048128855
2.4777527864058095	2.415582681661704
2.5018193205672743	2.3977241506312827
2.5257070898136607	2.3798296986460254
2.5494157697750004	2.361906293621895
2.572945104425808	2.3439606365395695
2.5962949034581935	2.325999169937596
2.6194650397386283	2.3080280861493323
2.6424554468458314	2.2900533352912746
2.6652661166873384	2.272080633010132
2.687897097192368	2.2541154679958058
2.710348490078683	2.236163109267212
2.7326204486912076	2.218228613237686
2.7547131759102284	2.2003168305665035
2.7766269221270754	2.1824324128028714
2.7983619832852322	2.164579818828535
2.8199186989848997	2.1467633211049937
2.8412974506490802	2.128987011731112
2.8624986597493196	2.1112548083167684
2.8835227860892934	2.093570459677996
2.9043703261444778	2.075937551358927
2.9250418114562007	2.0583595109856816
2.945537807078415	2.040839613457198
2.9658589100755903	2.0233809859778553
2.9860057480701627	2.005986612936588
3.005978977838031	1.988659340637065
3.025779283950633	1.9714018818833563
3.0454073774621766	1.9542168204253996
3.0648639946406457	1.93710661526843
3.08414989574124	1.9200736048504299
3.10326586382095	1.9031200110915294
3.122212703593003	1.886247943319172
3.1409912403199627	1.8694594020727477
3.159602318744283	1.8527562827912911
3.178046802055178	1.8361403793877251
3.1963255708906817	1.8196133877130423
3.2144395223738154	1.8031769089137033
3.232389569181811	1.7868324526854422
3.250176638647371	1.7705814404265734
3.267801671890973	1.7544252082937986
3.285265622983259	1.7383650101634323
3.3025694581365808	1.7224020205008697
3.31971415492479	1.7065373371410426
3.336700701530408	1.6907719839825261
3.35353009601831	1.6751069135978796
3.370203345635113	1.6595430097627302
3.386721466133457	1.6440810899060347
3.4030854811204065	1.6287219074838777
3.4192964214292214	1.6134661542791007
3.435355324513762	1.598314462628986
3.4512632338648226	1.583267407583154
3.467021198447707	1.5683255089937669
3.4826302721603764	1.5534892335400736
3.498091513311523	1.5387589966892676
3.5134059841179472	1.5241351645955705
3.528574750220622	1.5096180559394017
3.543598880218861	1.4952079437084331
3.5584794452220145	1.4809050569222817
3.5732175184181387	1.4667095823025342
3.5878141746591004	1.4526216658897524
3.6022704900615943	1.4386414146090583
3.6165875416235687	1.4247688977858475
3.6307664068555634	1.4110041486131386
3.644808163426489	1.3973471655720162
3.658713888823382	1.3837979138065881
3.672484660024689	1.3703563264548273
3.6861215531866462	1.357022305936638
3.6996256433423316	1.3437957252004358
3.7129980041129813	1.3306764289295019
3.7262397074311755	1.3176642347093281
3.739351823275508	1.3047589341571366
3.752335419416367	1.2919602940147217
3.765191561172469	1.2792680572057273
3.77792131117779	1.2666819438584418
3.7905257291585577	1.2542016522951558
3.803005871719979	1.2418268599891045
3.8153627921423743	1.2295572244899775
3.827597540186419	1.2173923843189562
3.839711161907185	1.205331959834208
3.8517046994766946	1.1933755540677378
3.8635791910147055	1.1815227535344721
3.8753356704274498	1.169773129014425
3.8869751672540658	1.1581262363087697
3.8984987065204626	1.1465816169706118
3.909907308600372	1.1351387990112443
3.9212019890833414	1.1237972975826322
3.932383758649439	1.1125566156368587
3.9434536229504396	1.1014162445632392
3.954412582497275	1.090375664803792
3.9652616325535326	1.0794343464477307
3.9760017630347995	1.0685917498056237
3.986633958413647	1.0578473259638508
3.997159197630066	1.0472005173199634
4.007578454007163	1.0366507580995372
4.017892695171936	1.0261974748550937
4.028102882980949	1.0158400869476425
4.038209973450744	1.0055780070113853
4.048214916692811	0.9954106414021038
4.058118656852971	0.985337390629738
4.067922132054997	0.9753576497756478
4.077626274348351	0.9654708088950344
4.087232009659851	0.9556762534049854
4.096740257749169	0.9459733644585906
4.10615193216799	0.9363615193055665
4.115467940222716	0.9268400916398106
4.124689182940587	0.9174084519342952
4.133816555039077	0.9080659677636989
4.142850944898472	0.898812004115161
4.151793234537485	0.8896459236875336
4.16064429959182	0.8805670871794917
4.169405009295552	0.8715748535668567
4.178076226465234	0.8626685803694716
4.186658807486621	0.85384762390796
4.195153602303915	0.8451113395506907
4.203561454411425	0.8364590819512576
4.211883200847565	0.8278902052767776
4.220119672191085	0.8194040634273
4.228271692559455	0.8110000102466101
4.236340079609311	0.8026773997247033
4.244325644538896	0.7944355861921971
4.252229192092392	0.7862739245069381
4.260051520566091	0.778191770233058
4.26779342181632	0.7701884798127195
4.275455681269038	0.7622634107307904
4.283039077931055	0.7544159216726734
4.2905443844027955	0.7466453726755142
4.297972366892538	0.7389511252730041
4.305323785232074	0.7313325426339842
4.312599392893719	0.7237889896950548
4.319799937008631	0.7163198332873862
4.326926158386358	0.7089244422579214
4.333978791535573	0.7016021875851539
4.340958564685947	0.6943524424896613
4.347866199811094	0.687174582539567
4.354702412652547	0.6800679857510985
4.3614679127447245	0.6730320326844049
4.36816340344082	0.6660661065347927
4.374789581939592	0.6591695932195312
4.381347139312992	0.6523418814603781
4.387836760534604	0.6455823628619682
4.394259124508845	0.6388904319862039
4.40061490410089	0.632265486422784
4.406904766167284	0.6257069268560022
4.413129371587204	0.6192141571279403
4.419289375294335	0.6127865842981816
4.425385426309327	0.6064236187001617
4.431418167772799	0.6001246739942747
4.43738823697886	0.5938891672178443
4.44329626540911	0.5877165188320704
4.4491428787671	0.5816061527660552
4.45492869701322	0.5755574964580117
4.460654334399979	0.5695699808937531
4.46632039950766	0.563643040642558
4.471927495280326	0.5577761138905056
4.477476219062136	0.5519686424713701
4.482967162633968	0.5462200718951605
4.488400912250316	0.5405298513743922
4.493778048676428	0.53489743384817
4.49909914722569	0.529322276004163
4.504364777797203	0.5238038382985477
4.509575504913566	0.5183415849739933
4.514731887758815	0.5129349840757618
4.519834480216524	0.5075835074659916
4.524883830908035	0.5022866308362329
4.529880483230808	0.49704383371830063
4.534824975396867	0.49185459949350585
4.539717840471336	0.48671841540033073
4.54455960641104	0.4816347725406028
4.549350796103164	0.47660316588422785
4.554091927403948	0.471623094272537
4.558783513177413	0.466694060420301
4.563426061334097	0.46181557091646475
4.568020074869797	0.4569871362236517
4.572566051904298	0.4522082706764883
4.577064485720074	0.44747849247879323
4.581515864800966	0.4427973236996808
4.585920672870808	0.43816429026861925
4.590279388931998	0.4335789219694892
4.5945924873040145	0.4290407524336825
4.598860437661845	0.42454931913228217
4.603083705074343	0.42010416336736195
4.607262750042492	0.41570483026244326
4.611398028537565	0.4113508687521456
4.615489992039181	0.40704183157106577
4.619539087573246	0.40277727524191975
4.6235457577497705	0.39855676006298035
4.62751044080056	0.39437985009484205
4.631433570616767	0.390246113146544
4.635315576786304	0.3861551207610808
4.639156884631111	0.3821064482003299
4.64295791524426	0.3780996744294235
4.64671908552691	0.37413438210059136
4.650440808225095	0.3702101575365007
4.6541234919663435	0.36632659071311885
4.65776754129612	0.36248327524212126
4.661373356714095	0.3586798083528707
4.664941334710229	0.3549157908739879
4.668471867800672	0.3511908272145368
4.671965344563469	0.34750452534484544
4.675422149674078	0.3438564967769822
4.678842663940687	0.34024635654490815
4.682227264339333	0.33667372318432304
4.6855763240488155	0.3331382187122251
4.688890212485408	0.3296394686062
4.692169295337356	0.32617710178345927
4.695413934599172	0.322750750579641
4.698624488605707	0.3193600507273916
4.701801312066017	0.316004641334743
4.7049447560970075	0.312684164863299
4.708055168256855	0.3093982671062474
4.711132892578218	0.3061465971662094
4.714178269601214	0.30292880743294076
4.7171916364061826	0.2997445535608973
4.72017332664622	0.296593494446677
4.7231236705794855	0.2934752922063502
4.726042995101281	0.29038961215269066
4.728931623775906	0.2873361227723162
4.731789876868281	0.2843144957027521
4.734618071375342	0.2813244057094256
4.737416521057202	0.27836553066260206
4.740185536468087	0.27543755151427257
4.742925424987034	0.2725401522750011
4.745636490848362	0.2696730199907413
4.748319035171914	0.2668358447196295
4.750973355993056	0.2640283195087647
4.753599748292454	0.26125014037098004
4.756198504025617	0.25850100626161643
4.758769912152202	0.25578061905530286
4.7613142586650925	0.25308868352275204
4.763831826619244	0.2504249073075774
4.766322896160298	0.24778900090313735
4.76878774455296	0.2451806776294136
4.771226646209157	0.24259965360992886
4.77363987271595	0.2400456477487098
4.776027692863231	0.23751838170730044
4.7783903726711765	0.2350175798818316
4.780728175417487	0.23254296938015018
4.783041361664383	0.23009427999901405
4.785330189285385	0.2276712442013566
4.787594913491859	0.2252735970936255
4.789835786859343	0.2229010764031991
4.792053059353639	0.22055342245588525
4.794246978356686	0.21823037815350552
4.796417788692211	0.21593168895156895
4.798565732651154	0.2136571028370384
4.80069105001687	0.21140637030619264
4.802793978090114	0.20917924434258742
4.804874751713803	0.20697548039511865
4.806933603297559	0.20479483635618975
4.808970762842041	0.20263707253998686
4.810986457963045	0.20050195166086301
4.812980913915409	0.19838923881183504
4.814954353616684	0.1962987014431945
4.816906997670606	0.19423010934123516
4.818839064390348	0.19218323460709866
4.820750769821562	0.19015785163574053
4.822642327765216	0.18815373709501826
4.824513949800216	0.18617066990490333
4.8263658453058245	0.1842084312168177
4.828198221483874	0.18226680439309775
4.830011283380773	0.18034557498658585
4.831805233909307	0.17844453072035124
4.833580273870247	0.17656346146754115
4.835336601973742	0.17470215923136387
4.837074414860525	0.172860418125204
4.838793907122915	0.1710380343528713
4.840495271325625	0.16923480618898337
4.842178698026367	0.16745053395948417
4.843844375796276	0.1656850200222974
4.845492491240128	0.16393806874811684
4.8471232290163755	0.1622094865013331
4.848736771856988	0.16049908162109805
4.850333300587106	0.1588066644025271
4.851912994144509	0.15713204707803952
4.853476029598894	0.15547504379883706
4.85502258217097	0.1538354706165219
4.856552825251377	0.15221314546485287
4.85806693041941	0.15060788814164117
4.859565067461572	0.14901952029078522
4.861047404389948	0.1474478653844448
4.862514107460397	0.1458927487053542
4.86396534119057	0.1443539973292752
4.865401268377755	0.14283144010758844
4.866822050116543	0.14132490765002434
4.868227845816331	0.13983423230753292
4.869618813218645	0.138359248155292
4.870995108414301	0.13689979097585409
4.872356885860393	0.13545569824243167
4.873704298397117	0.13402680910231993
4.87503749726443	0.13261296436045747
4.876356632118548	0.13121400646312412
4.8776618510482725	0.12982977948177563
4.878953300591166	0.12846012909701485
4.880231125749565	0.12710490258269877
4.8814954700064295	0.12576394879018146
4.882746475341044	0.12443711813269152
4.8839842822445565	0.12312426256984477
4.885209029735367	0.12182523559229046
4.886420855374361	0.12053989220649108
4.887619895279991	0.11926808891963528
4.888806284143213	0.11800968372468298
4.889980155242264	0.11676453608554212
4.891141640457303	0.1155325069223766
4.8922908702849	0.1143134585970448
4.893427973852379	0.11310725489866763
4.894553078932019	0.111913761029326
4.895666311955115	0.11073284358988672
4.896767798025895	0.1095643705659558
4.897857660935294	0.10840821131395957
4.898936023174601	0.10726423654735112
4.900003005948952	0.10613231832294331
4.901058729190704	0.10501233002736618
4.9021033115726595	0.10390414636364839
4.903136870521167	0.10280764333792236
4.904159522229088	0.10172269824625203
4.9051713816686275	0.10064918966158184
4.9061725626040396	0.0995869974208077
4.907163177604203	0.09853600261196743
4.908143338055071	0.09749608756155123
4.909113154171989	0.0964671358219303
4.910072735011893	0.09544903215890393
4.911022188485384	0.0944416625393632
4.911961621368676	0.09344491411907101
4.912891139315424	0.09245867523055781
4.913810846868433	0.0914828353711317
4.914720847471243	0.09051728519100229
4.915621243479606	0.08956191648151779
4.916512136172831	0.08861662216351393
4.917393625765028	0.08768129627577448
4.918265811416225	0.08675583396360198
4.91912879124338	0.08584013146749836
4.919982662331277	0.08493408611195426
4.920827520743308	0.08403759629434628
4.92166346153215	0.08315056147394134
4.922490578750325	0.08227288216100774
4.92330896546066	0.08140445990603107
4.924118713746636	0.08054519728903527
4.924919914722627	0.07969499790900744
4.925712658544039	0.0788537663734251
4.926497034417345	0.07802140828788637
4.927273130610014	0.07719783024584093
4.928041034460335	0.0763829398184215
4.928800832387149	0.07557664554437536
4.9295526098994715	0.07477885692009427
4.93029645160602	0.07398948438974247
4.931032441224646	0.0732084393354821
4.931760661591663	0.07243563406779473
4.932481194671081	0.07167098181589861
4.933194121563752	0.07091439671826053
4.93389952251641	0.07016579381320164
4.934597476930624	0.06942508902959658
4.935288063371661	0.0686921991776644
4.935971359577248	0.06796704193985169
4.936647442466256	0.06724953586180588
4.937316388147282	0.06653960034343871
4.93797827192715	0.06583715563007878
4.93863316831932	0.06514212280371232
4.93928115105221	0.06445442377431176
4.939922293077438	0.06377398127125085
4.940556666577968	0.06310071883480586
4.941184342976181	0.062434560807742116
4.941805392941855	0.061775432326984694
4.942419886400066	0.06112325931537332
4.9430278925390105	0.060477968473499684
4.943629479817736	0.05983948727162713
4.944224715973803	0.059207743941692044
4.944813668030858	0.058582667469385584
4.9453964023061365	0.0579641875863154
4.945972984417879	0.05735223476224675
4.946543479292678	0.05674674019742189
4.94710795117274	0.05614763581495745
4.947666463623081	0.05555485425331873
4.948219079538642	0.05496832885886998
4.948765861151329	0.05438799367850106
4.949306870036983	0.053813783452328116
4.949842167122277	0.05324563360646901
4.950371812691539	0.05268348024589211
4.9508958663935045	0.05212726014733772
4.951414387248003	0.05157691075231187
4.951927433652566	0.05103237016015133
4.952435063388973	0.050493577121159476
4.952937333629728	0.049960471029812034
4.953434300944467	0.049432991918032645
4.9539260213063	0.04891108044853661
4.954412550098084	0.04839467790824315
4.954893942118634	0.04788372620175501
4.955370251588867	0.04737816784490464
4.9558415321578835	0.0468779459583666
4.956307836908982	0.04638300426133567
4.956769218365615	0.0458932870652694
4.95722572849728	0.04540873926769544
4.957677418725348	0.044929306346081874
4.958124339928838	0.04445493435177095
4.958566542450116	0.043985569903975036
4.959004076100555	0.0435211601838345
4.959436990166117	0.0430616529285364
4.959865333412887	0.042606996425494155
4.960289154092548	0.04215713950658685
4.960708499947793	0.041712031542458054
4.9611234182176895	0.04127162243687334
4.961533955642979	0.040835862621136414
4.961940158471328	0.040404703048562196
4.962342072462516	0.0399780951890075
4.962739742893578	0.039555991023458116
4.9631332145638885	0.03913834303867173
4.963522531800191	0.03872510422187624
4.963907738461578	0.03831622805552313
4.964288877944416	0.03791166851209463
4.964665993187221	0.03751138004896533
4.965039126675482	0.03711531760331648
4.965408320446434	0.036723436587103045
4.96577361609378	0.03633569288207325
4.966135054772365	0.03595204283483931
4.966492677202799	0.035572443251999715
4.966846523676036	0.03519685139531176
4.967196634057897	0.03482522497691428
4.967543047793555	0.0344575221546003
4.9678858039119635	0.03409370152713817
4.968224941030248	0.033733722129641965
4.968560497358041	0.03337754342898941
4.9688925107017825	0.03302512531928792
4.969221018468966	0.03267642811738754
4.969546057672345	0.03233141255844045
4.969867664934095	0.03199003979150712
4.9701858764899285	0.031652271375207486
4.970500728193172	0.03131806927341815
4.970812255518794	0.030987395851013847
4.971120493567398	0.030660213869653695
4.971425477069164	0.03033648648361089
4.97172724038776	0.030016177235646233
4.9720258175242025	0.029699250052924443
4.972321242120682	0.029385669242973252
4.972613547464345	0.029075399489684493
4.97290276649104	0.02876840584935686
4.9731889317890206	0.028464653746780335
4.973472075602611	0.028164108971360898
4.973752229835835	0.02786673767328621
4.974029426056	0.027572506359730995
4.974303695497254	0.027281381891102262
4.974575069064096	0.026993331477323523
4.974843577334854	0.026708322674158257
4.975109250565122	0.026426323379571265
4.975372118691171	0.026147301830128478
4.975632211333308	0.025871226597434148
4.975889557799219	0.025598066584605523
4.976144187087256	0.025327791022784044
4.976396127889708	0.025060369467683564
4.976645408596028	0.024795771796173975
4.976892057296023	0.024533968202901414
4.977136101783023	0.02427492919694313
4.9773775695569995	0.024018625598497715
4.97761648782767	0.023765028535610126
4.977852883517553	0.02351410944093049
4.978086783265	0.023265840048507392
4.978318213427196	0.023020192390614515
4.9785472000831215	0.02277713879461047
4.9787737690364935	0.022536651879831723
4.978997945818665	0.02229870455451792
4.979219755691501	0.022063270012769556
4.979439223650223	0.02183032173153718
4.979656374426219	0.021599833467642854
4.979871232489832	0.021371779254832364
4.9800838220531105	0.021146133400858233
4.980294167072538	0.020922870484593868
4.980502291251726	0.020701965353177344
4.9807082180440885	0.020483393119185643
4.980911970655473	0.02026712915783831
4.981113572046784	0.020053149104230457
4.981313044936558	0.01984142885059498
4.981510411803528	0.019631944543593304
4.981705694889154	0.019424672581634772
4.981898916200123	0.01921958961222398
4.982090097510831	0.019016672529336063
4.982279260365831	0.018815898470819548
4.982466426082264	0.018617244815826554
4.982651615752254	0.01842068918226984
4.982834850245287	0.01822620942430671
4.983016150210558	0.018033783629849157
4.983195536079298	0.017843390118100422
4.983373028067073	0.017655007437117374
4.983548646176066	0.01746861436139828
4.983722410197321	0.017284189889496156
4.983894339712976	0.017101713241657285
4.984064454098472	0.0169211638574843
4.984232772524727	0.0167425213936239
4.984399313960303	0.016565765721479133
4.984564097173535	0.016390876924945463
4.98472714073465	0.016217835298170682
4.984888463017858	0.016046621343338455
4.985048082203416	0.015877215768475235
4.985206016279685	0.015709599485280036
4.985362283045146	0.015543753606977214
4.985516900110412	0.015379659446191832
4.985669884900207	0.015217298512847362
4.985821254655332	0.015056652512085376
4.985971026434603	0.014897703342207334
4.986119217116777	0.014740433092637902
4.9862658434024505	0.01458482404190971
4.9864109218159385	0.0144308586556695
4.986554468707141	0.01427851958470502
4.986696500253379	0.014127789662992503
4.9868370324612235	0.013978651905765518
4.98697608116829	0.013831089507603278
4.987113662045031	0.01368508584053949
4.987249790596495	0.013540624452191036
4.987384482164075	0.01339768906390628
4.98751775192724	0.013256263568933184
4.987649614905238	0.013116332030606286
4.987780085958794	0.012977878680553128
4.987909179791781	0.012840887916919378
4.988036910952879	0.012705344302612541
4.98816329383721	0.01257123256356467
4.988288342687962	0.012438537587012813
4.988412071597996	0.012307244419797707
4.988534494511429	0.012177338266680772
4.9886556252252054	0.01204880448867833
4.988775477390656	0.011921628601413643
4.988894064515031	0.011795796273486377
4.989011399963022	0.011671293324859049
4.989127496958273	0.01154810572526067
4.989242368584862	0.011426219592607085
4.989356027788783	0.011305621191437912
4.989468487379397	0.011186296931370078
4.989579760030882	0.01106823336556767
4.989689858283656	0.010951417189227881
4.989798794545792	0.010835835238082831
4.989906581094417	0.010721474486917144
4.990013230077093	0.010608322048101526
4.990118753513184	0.010496365170141202
4.990223163295216	0.010385591236240315
4.990326471190212	0.010275987762880912
4.9904286888410185	0.01016754239841717
4.990529827767619	0.010060242921684602
4.990629899368431	0.009954077240623322
4.990728914921588	0.009849033390916662
4.990826885586216	0.009745099534643347
4.990923822403684	0.009642263958944623
4.991019736298853	0.009540515074704851
4.991114638081302	0.009439841415246272
4.991208538446553	0.00934023163503751
4.99130144797727	0.009241674508415782
4.991393377144454	0.009144158928322278
4.991484336308621	0.00904767390505139
4.991574335720971	0.008952208565012434
4.991663385524544	0.008857752149505327
4.991751495755359	0.008764294013508263
4.99183867634355	0.008671823624478972
4.991924937114478	0.008580330561167795
4.992010287789846	0.008489804512444134
4.992094737988789	0.008400235276134786
4.992178297228959	0.008311612757874584
4.992260974927598	0.008223926969969124
4.992342780402599	0.008137168030269776
4.992423722873556	0.00805132616106011
4.992503811462801	0.007966391687954566
4.992583055196435	0.007882355038808377
4.992661463005342	0.007799206742639111
4.992739043726198	0.007716937428559536
4.992815806102464	0.00763553782472199
4.992891758785374	0.00755499875727347
4.992966910334907	0.007475311149322028
4.993041269220753	0.007396466019914207
4.9931148438232675	0.007318454483022751
4.993187642434416	0.007241267746545592
4.993259673258705	0.007164897111314925
4.993330944414112	0.007089333970117071
4.9934014639329956	0.007014569806722494
4.993471239763004	0.00694059619492604
4.993540279767966	0.006867404797597469
4.993608591728783	0.0067949873657417465
4.9936761833442995	0.006723335737569513
4.993743062232175	0.006652441837577338
4.993809235929741	0.006582297675637177
4.99387471189485	0.00651289534609642
4.993939497506714	0.006444227026886383
4.994003600066741	0.0063762849786407816
4.994067026799354	0.006309061543823587
4.994129784852802	0.00624254914586558
4.994191881299973	0.006176740288310557
4.994253323139184	0.006111627553970215
4.994314117294975	0.006047203604088053
4.9943742706188825	0.005983461177511965
4.99443378989022	0.0059203930898757825
4.994492681816833	0.005857992232789398
4.994550953035863	0.00579625157303713
4.994608610114487	0.005735164151784991
4.994665659550665	0.0056747230837959585
4.9947221077738675	0.005614921556653767
4.9947779611458	0.005555752829994629
4.994833225961124	0.005497210234747312
4.99488790844816	0.005439287172380991
4.994942014769593	0.0053819771141612426
4.994995551023165	0.005325273600413742
4.9950485232423665	0.005269170239795835
4.995100937397108	0.005213660708575583
4.9951527993944005	0.005158738749918539
4.995204115079016	0.005104398173182039
4.995254890234148	0.005050632853217072
4.995305130582063	0.00499743672967705
4.995354841784743	0.00494480380633435
4.9954040294445266	0.004892728150403795
4.995452699104738	0.0048412038918733
4.995500856250311	0.004790225222841557
4.99554850630841	0.004739786396862866
4.995595654649035	0.0046898817282984215
4.995642306585635	0.004640505591674822
4.9956884673756985	0.004591652421049266
4.995734142221351	0.004543316709381472
4.995779336269937	0.004495493007911635
4.995824054614604	0.004448175925545922
4.995868302294873	0.004401360128247462
4.995912084297207	0.00435504033843445
4.995955405555571	0.0043092113343840815
4.995998270951991	0.004263867949643082
4.9960406853171015	0.004219005072444141
4.9960826534306895	0.004174617645128769
4.996124180022233	0.004130700663575851
4.996165269771434	0.0040872491766366145
4.996205927308745	0.0040442582855751
4.99624615721589	0.0040017231435148445
4.996285964026383	0.003959638954891226
4.996325352226032	0.003918000974909393
4.996364326253452	0.0038768045090080746
4.996402890500558	0.0038360449123289583
4.996441049313066	0.003795717589191568
4.996478806990975	0.0037558179925737496
4.996516167789056	0.0037163416235973263
4.996553135917329	0.003677284031019493
4.996589715541538	0.0036386408107290753
4.996625910783618	0.0036004076052484953
4.996661725722161	0.003562580103240652
4.996697164392872	0.0035251540390210463
4.996732230789028	0.0034881251920748963
4.996766928861921	0.003451489386579279
4.996801262521308	0.0034152424909304775
4.996835235635849	0.0033793804172759286
4.996868852033541	0.003343899121051269
4.996902115502149	0.003308794600521839
4.996935029789633	0.003274062896329429
4.996967598604569	0.0032397000910433923
4.996999825616568	0.003205702308716539
4.997031714456684	0.003172065714445363
4.997063268717826	0.0031387865139352795
4.997094491955161	0.003105860953069875
4.997125387686514	0.00307328531748492
4.997155959392762	0.0030410559321466264
4.997186210518227	0.0030091691609342736
4.9972161444710625	0.0029776214062270474
4.997245764623636	0.0029464091084953166
4.997275074312908	0.0029155287458959263
4.997304076840807	0.0028849768338714515
4.9973327754746	0.00285474992475423
4.997361173447261	0.0028248446073735204
4.997389273957831	0.0027952575066672617
4.997417080171781	0.0027659852832978473
4.9974445952213635	0.0027370246332712035
4.997471822205967	0.002708372287560361
4.997498764192464	0.0026800250117324743
4.997525424215551	0.002651979605579711
4.997551805278093	0.0026242329027538385
4.997577910351459	0.002596781770404664
4.997603742375855	0.002569623108821584
4.997629304260654	0.0025427538510794318
4.997654598884723	0.002516170962687255
4.9976796290967425	0.002489871441240879
4.997704397715529	0.002463852316079059
4.997728907530349	0.0024381106479425406
4.997753161301232	0.002412643528636945
4.997777161759279	0.002387448080698814
4.9978009116069675	0.0023625214570648866
4.997824413518456	0.0023378608407446286
4.997847670139882	0.0023134634444962254
4.997870684089658	0.0022893265105051485
4.99789345795876	0.002265447310066154
4.997915994311027	0.0022418231432685828
4.997938295683437	0.002218451338684307
4.997960364586396	0.0021953292530587695
4.997982203504016	0.0021724542710050763
4.998003814894394	0.002149823804700578
4.998025201189886	0.0021274352935871264
4.998046364797375	0.0021052862040730033
4.998067308098541	0.002083374029238861
4.99808803345013	0.0020616962885454415
4.998108543184211	0.0020402505275442418
4.9981288396084365	0.0020190343175910965
4.998148925006302	0.0019980452555621187
4.998168801637398	0.001977280963572131
4.9981884717376595	0.0019567390886960434
4.9982079375196165	0.001936417302692025
4.9982272011726385	0.0019163133017277866
4.998246264863178	0.0018964248061089394
4.9982651307350086	0.0018767495600096106
4.998283800909465	0.0018572853312058123
4.998302277485675	0.0018380299108104092
4.998320562540794	0.0018189811130110522
4.998338658130233	0.0018001367748098896
4.998356566287886	0.0017814947557652661
4.998374289026354	0.001763052937736106
4.998391828337166	0.0017448092246278046
4.998409186191	0.0017267615421404125
4.998426364537899	0.0017089078375188793
4.998443365307483	0.0016912460793048788
4.998460190409165	0.0016737742570909263
4.998476841732356	0.0016564903812762886
4.998493321146676	0.001639392482824441
4.998509630502156	0.001622478613022512
4.998525771629437	0.0016057468432425068
4.998541746339977	0.0015891952647039674
4.998557556426242	0.0015728219882384451
4.998573203661904	0.0015566251440556798
4.998588689802031	0.0015406028815110383
4.9986040165832835	0.0015247533688747127
4.998619185724094	0.001509074793102073
4.998634198924857	0.0014935653596058493
4.998649057868115	0.0014782232920292557
4.998663764218735	0.0014630468320207832
4.99867831962409	0.0014480342390099706
4.998692725714235	0.0014331837899846497
4.998706984102081	0.0014184937792690597
4.998721096383569	0.0014039625183034374
4.998735064137838	0.0013895883354243174
4.998748888927393	0.001375369575646271
4.998762572298274	0.0013613046004441961
4.998776115780213	0.0013473917875367965
4.998789520886804	0.0013336295306706665
4.998802789115655	0.001320016239405742
4.998815921948546	0.001306550338900628
4.998828920851589	0.0012932302696995065
4.998841787275375	0.0012800544875191519
4.998854522655128	0.001267021463036869
4.9988671284108515	0.001254129681678414
4.998879605947477	0.0012413776434071408
4.998891956655006	0.0012287638625129702
4.998904181908656	0.0012162868674019621
4.998916283068994	0.0012039452003862793
4.998928261482083	0.0011917374174739736
4.998940118479611	0.0011796620881593756
4.998951855379028	0.0011677177952133066
4.998963473483676	0.0011559031344736115
4.9989749740829215	0.0011442167146351924
4.99898635845228	0.0011326571570404343
4.998997627853543	0.0011212230954689563
4.9990087835349	0.0011099131759277514
4.999019826731062	0.0010987260564402634
4.999030758663379	0.0010876604068357455
4.999041580539956	0.0010767149085375539
4.99905229355577	0.0010658882543513005
4.999062898892783	0.001055179148252542
4.99907339772005	0.001044586305172871
4.999083791193829	0.0010341084507860432
4.99909408045769	0.0010237443212932152
4.999104266642612	0.0010134926632065133
4.999114350867094	0.0010033522331324607
4.999124334237248	0.000993321797553378
4.9991342178468985	0.0009834001326081464
4.999144002777681	0.0009735860238714765
4.9991536900991305	0.0009638782661314381
4.999163280868777	0.0009542756631659942
4.999172776132231	0.0009447770275172972
4.99918217692327	0.0009353811802645994
4.999191484263926	0.0009260869507954938
4.999200699164563	0.0009168931765745257
4.9992098226239605	0.0009077987029103483
4.999218855629389	0.000898802382720355
4.999227799156683	0.0008899030762930381
4.99923665417032	0.0008810996510481105
4.999245421623482	0.0008723909812936058
4.999254102458129	0.0008637759479809192
4.999262697605061	0.0008552534384562237
4.999271207983984	0.0008468223462097556
4.999279634503568	0.0008384815706212622
4.999287978061505	0.0008302300167027498
4.999296239544563	0.0008220665948374305
4.99930441982864	0.0008139902205155424
4.999312519778813	0.0008059998140657996
4.999320540249385	0.000798094300383717
4.99932848208393	0.0007902726086555277
4.999336346115334	0.0007825336720777331
4.999344133165833	0.000774876427572778
4.999351844047048	0.0007672998154997899
4.999359479560022	0.0007598027793606619
4.999367040495247	0.000752384265501199
4.999374527632688	0.0007450432228071478
4.999381941741814	0.0007377786023953234
4.999389283581612	0.0007305893572983066
4.99939655390061	0.0007234744421445214
4.9994037534368845	0.0007164328128313144
4.999410882918079	0.0007094634261927411
4.999417943061409	0.0007025652396603874
4.999424934573661	0.0006957372109177982
4.999431858151204	0.0006889782975479406
4.999438714479975	0.0006822874566739544
4.9994455042354815	0.0006756636445918361
4.999452228082786	0.0006691058163958418
4.999458886676496	0.0006626129255962497
4.999465480660743	0.0006561839237284205
4.9994720106691615	0.0006498177599538623
4.999478477324865	0.0006435133806521309
4.999484881240413	0.0006372697290038475
4.999491223017781	0.0006310857445646222
4.999497503248318	0.0006249603628287802
4.999503722512706	0.0006188925147831768
4.999509881380913	0.000612881126450958
4.999515980412137	0.0006069251184243073
4.999522020154756	0.000601023405386215
4.999528001146261	0.0005951748956209855
4.999533923913191	0.0005893784905122743
4.999539788971064	0.0005836330840296497
4.999545596824295	0.0005779375622020808
4.999551347966119	0.0005722908025789906
4.999557042878501	0.0005666916736766723
4.999562682032042	0.0005611390344119514
4.999568265885881	0.0005556317335211035
4.999573794887594	0.0005501686089635315
4.999579269473075	0.000544748487310912
4.999584690066427	0.000539370183119786
4.999590057079834	0.0005340324982882337
4.999595370913432	0.000528734221395709
4.999600631955174	0.0005234741270254305
4.999605840580684	0.0005182509750686536
4.999610997153109	0.000513063510010646
4.99961610202296	0.0005079104601977633
4.999621155527946	0.0005027905370842376
4.999626157992804	0.0004977024344592849
4.999631109729115	0.0004926448276525761
4.999636011035117	0.0004876163727187475
4.999640862195508	0.0004826157055990663
4.9996456634812425	0.00047764144126036
4.999650415149313	0.00047269217280975086
4.99965511744253	0.0004677664705856586
4.99965977058929	0.0004628628812229039
4.999664374803329	0.000457979926691948
4.999668930283479	0.00045311610331134493
4.999673437213399	0.0004482698807323047
4.999677895761307	0.00044343970089476416
4.999682306079697	0.00043862397695393444
4.999686668305042	0.00043382109217665035
4.999690982557497	0.00042902939880624306
4.999695248940576	0.00042424721689497604
4.999699467540825	0.0004194728331035833
4.999703638427488	0.00041470449946570654
4.999707761652146	0.0004099404321180842
4.999711837248356	0.0004051788099927265
4.999715865231273	0.0004004177734731371
4.999719845597256	0.00039565542301046007
4.999723778323459	0.0003908898176999784
4.999727663367417	0.0003861189738168278
4.999731500666603	0.00038134086330872207
4.999735290137981	0.00037655341224490966
4.999739031677538	0.000371754499220259
4.999742725159803	0.0003669419537128391
4.999746370437343	0.000362113554392792
4.999749967340252	0.0003572670273829246
4.999753515675611	0.0003524000444671813
4.9997570152269395	0.0003475102212477452
4.999760465753622	0.00034259511524685845
4.9997638669903175	0.0003376522239535759
4.999767218646351	0.0003326789828128937
4.999770520405081	0.0003276727631554763
4.9997737719232465	0.00032263087006641905
4.999776972830298	0.0003175505401910569
4.999780122727696	0.0003124289394756516
4.999783221188197	0.0003072631608417495
4.999786267755111	0.00030205022179115553
4.99978926194153	0.00029678706193999455
4.999792203229542	0.0002914705404800841
4.999795091069412	0.0002860974335639774
4.999797924878738	0.00028066443161330306
4.999800704041579	0.0002751681365463873
4.9998034279075565	0.0002696050589236129
4.999806095790926	0.000263971615007513
4.9998087069696195	0.00025826412373573495
4.999811260684257	0.0002524788036032141
4.999813756137122	0.0002466117694515687
4.9998161924911155	0.00024065902916251846
4.999818568868663	0.00023461648025260815
4.999820884350596	0.00022847990636618208
4.999823137974996	0.00022224497366325112
4.999825328736	0.00021590722709946406
4.999827455582568	0.00020946208659468354
4.999829517417217	0.0002029048430868093
4.999831513094705	0.0001962306544674027
4.999833441420684	0.00018943454139518665
4.999835301150306	0.00018251138298459665
4.999837090986782	0.0001754559123643736
4.999838809579904	0.0001682627121031784
4.999840455524512	0.00016092620949792097
4.999842027358918	0.00015344067172046912
4.999843523563281	0.00014580020081862507
4.999844942557928	0.00013799872856687563
4.999846282701626	0.00013003001116236828
4.9998475422898006	0.00012188762376141487
4.999848719552694	0.00011356495485162892
4.99984981265347	0.00010505520045490507
4.999850819686263	9.635135815583577e-5
4.999851738674159	8.744622095040526e-5
4.999852567567118	7.833237090961136e-5
4.999853304239836	6.90021726522068e-5
4.999853946489532	5.9447766620904374e-5
4.999854492033676	4.966106215602576e-5
