-0.9999198019185483
-0.9999203883020659
-0.9999209746276807
-0.9999215608572548
-0.9999221469530412
-0.9999227328776881
-0.9999233185942368
-0.9999239040661223
-0.9999244892571767
-0.9999250741316228
-0.9999256586540775
-0.9999262427895544
-0.9999268265034578
-0.9999274097615876
-0.9999279925301388
-0.9999285747756973
-0.9999291564652452
-0.9999297375661579
-0.9999303180462056
-0.9999308978735502
-0.9999314770167493
-0.9999320554447548
-0.9999326331269099
-0.9999332100329537
-0.9999337861330195
-0.9999343613976334
-0.9999349357977144
-0.9999355093045779
-0.9999360818899309
-0.9999366535258752
-0.999937224184907
-0.9999377938399142
-0.9999383624641807
-0.9999389300313842
-0.9999394965155926
-0.9999400618912732
-0.9999406261332823
-0.9999411892168746
-0.9999417511176928
-0.9999423118117778
-0.9999428712755627
-0.9999434294858768
-0.9999439864199376
-0.9999445420553617
-0.9999450963701577
-0.999945649342728
-0.9999462009518677
-0.9999467511767689
-0.999947299997013
-0.9999478473925788
-0.9999483933438361
-0.9999489378315518
-0.9999494808368843
-0.9999500223413843
-0.9999505623270011
-0.9999511007760743
-0.9999516376713365
-0.999952172995916
-0.9999527067333359
-0.9999532388675111
-0.9999537693827485
-0.9999542982637546
-0.9999548254956259
-0.9999553510638504
-0.9999558749543144
-0.9999563971532974
-0.9999569176474695
-0.9999574364238991
-0.9999579534700439
-0.9999584687737567
-0.9999589823232894
-0.9999594941072789
-0.9999600041147633
-0.9999605123351712
-0.9999610187583222
-0.9999615233744391
-0.9999620261741278
-0.9999625271483943
-0.999963026288637
-0.9999635235866481
-0.9999640190346126
-0.9999645126251122
-0.9999650043511197
-0.9999654942060047
-0.9999659821835244
-0.9999664682778391
-0.9999669524834947
-0.999967434795436
-0.9999679152089997
-0.9999683937199175
-0.9999688703243129
-0.9999693450187058
-0.999969817800009
-0.9999702886655281
-0.9999707576129634
-0.9999712246404108
-0.9999716897463574
-0.9999721529296853
-0.9999726141896726
-0.9999730735259866
-0.9999735309386938
-0.9999739864282495
-0.9999744399955068
-0.9999748916417116
-0.9999753413685047
-0.9999757891779176
-0.9999762350723793
-0.9999766790547095
-0.9999771211281265
-0.9999775612962376
-0.9999779995630466
-0.9999784359329505
-0.9999788704107416
-0.9999793030016042
-0.9999797337111198
-0.9999801625452568
-0.9999805895103876
-0.9999810146132712
-0.9999814378610616
-0.9999818592613107
-0.9999822788219607
-0.9999826965513473
-0.9999831124582049
-0.9999835265516557
-0.9999839388412206
-0.999984349336814
-0.999984758048742
-0.9999851649877072
-0.999985570164803
-0.9999859735915233
-0.9999863752797487
-0.9999867752417579
-0.999987173490224
-0.9999875700382117
-0.9999879648992039
-0.999988358086982
-0.999988749615812
-0.9999891395002634
-0.9999895277553111
-0.9999899143963251
-0.9999902994390555
-0.9999906828996457
-0.9999910647947102
-0.9999914451408642
-0.9999918239552362
-0.9999922012549844
-0.9999925770574706
-0.9999929513803226
-0.9999933242415135
-0.9999936956592396
-1.0007312991996724
-1.0002104987574165
0.719925550054634
0.7790920973897137
0.8362961335408007
0.8915573930980523
0.9449147606205558
0.9964822221946046
0.9998563171082682
-1.0001498143178442
-1.000667908046483
-1.0005309705586625
-1.0003998395073126
-1.0002744278880336
-1.0001546468841889
-1.0008419591816446
-1.0005514371424202
-1.000274963197972
-1.0018358780710108
-1.0009067827229967
-1.002375893979677
-1.0000695037209184
-1.000922025057753
-1.0003413760554756
-1.0003319215639679
-1.0000944474188314
-1.0002925192385834
-1.0005785170110457
-1.000055992215892
-1.000062145111327
-1.0000908980802474
1.0011161072816663
0.9999957206664445
0.9999954864548571
0.9999952587682901
0.9999950376483485
0.9999948231224529
0.9999946152183347
0.9999944139640432
0.9999942193879191
0.9999940315185969
0.99999385038501
0.9999936760163797
0.9999935084422188
0.9999933476923295
0.9999931937968022
0.9999930467860101
0.9999929066906186
0.9999927735415726
0.9999926473701028
0.9999925282077241
0.9999924160862308
0.9999923110377054
0.9999922130945074
0.9999921222892827
0.999992038654956
0.9999919622247379
0.9999918930321194
0.9999918311108699
0.9999917764950546
0.9999917292190073
0.9999916893173536
0.9999916568250053
0.9999916317771551
0.999991614209279
0.99999160415715
0.9999916016568142
0.999991606744619
0.9999916194571905
0.9999916398314443
0.9999916679045965
0.9999917037141435
0.9999917472978755
0.9999917986938804
0.9999918579405379
0.9999919250765171
0.9999920001407939
0.9999920831726311
0.9999921742115969
0.9999922732975608
0.9999923804706868
0.9999924957714449
0.99999261924061
0.9999927509192551
0.9999928908487618
0.9999930390708153
0.9999931956274095
0.9999933605608445
0.9999935339137243
0.9999937157289661
0.99999390604979
0.9999941049197321
0.9999943123826209
0.999994528482613
0.999994753264166
0.999994986772036
0.9999952290513029
0.999995480147341
0.9999967912908843
0.9999962861641387
-1.0000812084937913
0.9999953345195877
0.9999948878213744
-1.0001492091548065
-1.0000051246590638
-1.0000138642092713
-1.000022401328277
-1.0000307347148076
-1.000038862175999
-1.0000467804529003
0.9999920009511585
-1.0000619788647056
-1.0000692504089648
-1.0000762897029845
0.9999910320950488
0.9999908436801542
-1.0000959715204594
0.9999905352465459
0.9999904162236153
0.9999903212782262
0.9999902507614941
0.9999902049266481
0.999990183929046
0.9999901878261455
0.9999902165775324
0.9999902700448894
0.9999903479920134
0.9999904500848008
0.9999905758912492
0.9999907248814491
-1.0001588647258561
-1.0001615885378023
-1.0001640717693032
-1.0001663141840582
-1.0001683119334595
-1.0001700538153409
-1.0001715092018764
-1.0001725687121932
1.0006850150826088
1.000678606021153
0.9999933835295857
0.9999914376565918
0.999993213049697
0.9999940231330291
0.9999951708770741
0.9999919056824662
0.9999948050576251
0.9999940806975799
0.9999958428203229
-0.9757467014139056
1.0015524001841896
-1.0000938395855383
-1.0001087305859568
-0.4000281663648122
1.0000287892061719
1.000020345617754
1.0000103783130438
1.0000082828304657
1.0000330260222599
1.000851188339496
-0.9808899831316742
-0.9805855824565605
-0.9802543899401384
-0.9799138843926007
-0.9795838738172578
-0.9792883732082717
-0.9790590314319723
-0.9789419161414207
-0.9790126124761874
1.0000092933266371
1.00000999793103
1.0000107438878734
1.0000114817432038
1.0000103849513433
1.0000121024847817
-0.9772870182196531
-0.9763771417269601
-0.9754702015731342
-0.9745643961147915
-0.9736566360789576
-0.9727430652205709
-0.9718198227035508
-0.9708841367637279
-0.9699359156230488
-0.9689801827484668
-0.9680308240952841
-0.9671192236012525
-0.9663107495273231
-0.9657569231361307
1.0000185482605206
1.0000185744824552
-0.9646846035739357
-0.9637674278296686
-0.9046919902869366
-0.9999641843699985
-0.9999642718314127
-0.999964374514255
-0.9999644921346291
-0.9999646244464814
-0.9999647712635314
-0.9999649324686053
1.0000187589047482
1.000018770179388
1.000018781454746
1.0000187929203705
1.000018804766072
1.000018817182132
1.0000188303591067
1.0000188444876912
1.0000188597589812
1.0000188763642872
1.000018894495242
1.000018914343633
1.000018936101606
1.0000189599615232
1.0000189861160425
-0.999969691029881
1.000019046080405
1.0000190802763849
1.0000191175391915
-0.9999709987053105
1.0000192020391834
-0.9999716693002777
1.0000193011300103
-0.9999256845479868
-0.999945104000827
-0.999948405336858
-0.9999516577239799
-0.9999548555485741
-0.9999579943265652
-0.9999610707325373
1.0000198667060358
-0.9999669595062618
-0.9999698279348445
-0.9999634576389854
-0.9999688962696596
1.000020400397152
1.0000205260146526
1.000024196811857
1.0023782565325585
-1.000117821828167
1.000129768754719
1.0001307223375915
1.000131563150393
1.0001322919450246
-1.0001987392276024
-1.0002157244471335
-1.0002333703136796
1.0001336874010642
1.000133599506682
1.000133419289992
-1.0003075896135831
-1.0003267207489397
-1.0003463795600729
-1.0003665944475024
-1.0003874103735237
-1.0004089179781939
-1.0004313473212354
-1.0004555107913635
1.0001275516528387
1.0001188702780086
1.0001056160570156
-1.000559709818359
-1.0005798630209133
-1.000600703531488
-1.000622226008479
-1.0006444348134678
-1.000667242323343
-1.0005704672882434
-0.9999763462737304
1.0000216247683178
1.0000213431793086
1.0000210587941774
1.0000207720790266
1.0000204833747477
1.0000201928780974
1.0000199006384638
1.000019606528648
1.0000193102377677
1.0000190112317882
1.0000187087109553
1.0000184015441198
-0.9999694654266322
-0.999969208324916
-0.9999689510743385
-0.999968693694066
-0.9999684362034331
-0.9999681786219303
1.0000169218626602
1.0000166474691234
-0.9999674055287556
1.0000161923115063
1.000015921896678
1.0000156488943843
1.0000153721547367
1.0000150900812308
-0.9999658595154778
1.0000146538319097
1.0000143669226376
1.0000140680816847
1.0000137524658756
-0.9999645737617014
1.0000132968056206
-0.9999640606714049
-0.9999638044565144
-0.9999635484852653
1.0000126195064027
-0.999963037344562
1.0000121883335962
1.0000118489293228
1.0000114702730412
1.000011032647078
1.000010499000499
1.0000097875353093
-0.9999612586078641
-0.9999610060310395
1.0000087427864381
1.0000069854609779
-0.9999602509565575
-0.9999600002041903
-0.9999597499485898
-0.9999595002060518
-0.9999592509931023
1.0000033583561652
-0.9999587542237999
-0.9999585066996689
-0.9999582597719514
-0.9999580134575529
-0.9999577677735675
-0.999957522737057
-0.9999572783654426
-0.9999570346760801
-0.9999567916865242
-0.9999565494144629
-0.9999563078777176
-0.9999560670943151
-0.9999558270822339
1.0000031327809389
-0.9999553494455518
1.0000026303905774
1.0000020778880199
1.0000015138107343
1.000000957586647
1.0000004648248064
1.0000001737918944
1.0000003247384566
0.9999757668421425
0.9999895209216682
-1.007188670759658
