-0.9999807038957901
-0.9999807947060774
-0.9999808855105213
-0.9999809763064685
-0.9999810670970313
-0.999981157871028
-0.999981248632502
-0.9999813393769086
-0.9999814301000132
-0.999981520802496
-0.9999816114766776
-0.999981702126959
-0.9999817927430962
-0.9999818833285368
-0.999981973878365
-0.9999820643928724
-0.9999821548656536
-0.9999822452990573
-0.9999823356844927
-0.9999824260275957
-0.9999825163203148
-0.9999826065360193
-0.9999826967250244
-0.9999827868583181
-0.9999828769361341
-0.999982966956498
-0.9999830569136858
-0.9999831468092998
-0.9999832366376431
-0.9999833264009611
-0.9999834161002779
-0.9999835057377997
-0.9999835952929782
-0.9999836847832326
-0.9999837741993866
-0.9999838635259558
-0.9999839526838515
-0.999984041854897
-0.9999841309703094
-0.9999842199880155
-0.9999843089258825
-0.9999843976053165
-0.9999844863606949
-0.999984575033407
-0.9999846635975989
-0.9999847520872317
-0.9999848404705478
-0.9999849287640078
-0.999985016951857
-0.9999851050203047
-0.9999851928269293
-0.9999852807214192
-0.9999853685283125
-0.9999854562309206
-0.9999855438015703
-0.999985631290036
-0.9999857186809891
-0.9999858059674295
-0.9999858928929553
-0.9999859800612424
-0.9999860671297743
-0.9999861540184799
-0.9999862275347656
-0.9999863154733051
-0.9999864048345081
-0.9999864926405686
-0.9999865813303482
-0.9999866690767575
-0.9999867568504828
-0.9999868437067164
-0.9999869173285472
-0.9999870067541287
-0.9999870946374004
-0.9999871815215753
-0.9999872688168164
-0.9999873553647262
-0.9999874373308193
-0.999987523860636
-0.9999876109313427
-0.9999876990693409
-0.999987782752505
-0.9999871654467846
-0.9999874223951356
-0.9999876566932525
-0.9999878454661585
-0.9999881096346119
-0.999988331736484
-0.9999882770618397
-0.9999884929026103
-0.9999882111009023
-0.9999884926583134
-0.9999887007169693
-0.9999632792135359
-0.9999714852709013
-0.9999813092584089
-0.9999888641759065
-0.9999777652413229
-0.9999915777714379
-0.9992916862714311
-0.9991192658549956
-0.9987500545429596
-0.9999159001539354
-0.9991684460496856
-0.9993672262886815
-0.9933970002728864
-0.9725377756309137
-0.9505571706338456
-0.9343160133260524
-0.9172316383502128
-0.902329597488768
-0.8821169248718054
-0.8597918413953269
-0.8407990685009202
-0.824736074693251
-0.8052540416847255
-0.7939392031042772
-0.7762187274272383
-0.7529911935097257
-0.7451476300704041
-0.7216586663682196
-0.7097083115369477
-0.6892250332095184
-0.6795332272155957
-0.6581911185188984
-0.6461076195408288
-0.6261810191949613
-0.6064819897258239
-0.5966296063321638
-0.5825413276610938
-0.5674170226108671
-0.5462979222020065
-0.537145039627506
-0.5194837571382982
-0.5044429725630413
-0.49688046310459116
-0.48158216118761854
-0.46147794654269586
-0.4499600938902596
-0.438325627031315
-0.42626600818917876
-0.40787835683635154
-0.40027994610567724
-0.3845334612344619
-0.3686870253472988
-0.35418460224735
-0.34684678546340936
-0.3345088096958655
-0.3173196112324028
-0.3082369457650862
-0.2916365483822475
-0.2825440421252865
-0.2729076632828702
-0.2648220115319044
-0.25302424620100944
-0.23410964256963096
-0.22444229625992035
-0.21366739922584005
-0.2049272042038278
-0.1962378108902119
-0.18506279166390704
-0.17227146515674846
-0.16322315606929189
-0.1506019900256165
-0.14453495742189437
-0.13953472065863665
-0.12147923641333104
-0.11570782132130482
-0.10274385702816319
-0.09547091506729573
-0.09048353209567318
-0.07593831368780345
-0.07531489590421317
-0.06409012283884452
-0.05423033151675057
-0.04692928556349164
-0.03315271307497722
-0.03230801217104507
-0.025215977043284873
-0.016955171298340378
-0.004433293496094567
0.003246040178954326
0.013151496713604443
0.017439740919685472
0.021257238597429493
0.029781016843749446
0.03678166867647421
0.04623355913629735
0.05386380068976369
0.06313508650268922
0.06150683567057487
0.07161363844869345
0.07779051763911134
0.08515608696540647
0.09171016049389737
0.09643469086074306
0.09896571309618658
0.10341928150902963
0.10999886179823841
0.12049505741836201
0.12139165940231662
0.1281139936478856
0.13598649989001868
0.13527835689875223
0.1432220187692495
0.1508440100129812
0.1522704124656838
0.16027407125514243
0.1602590002446548
0.171389424697795
0.1753844360716967
0.17438531639207303
0.18427491203173976
0.18436897109361683
0.19155945345871886
0.19185549068559066
0.197084182753418
0.19672603699374025
0.1998032952982795
0.21044822846479186
0.21350445552831984
0.20923800388529984
0.22032052980969244
0.21716667694682643
0.21930006027453572
0.22572183048022385
0.22587181446731547
0.23402733520639313
0.23310863312536406
0.24134534586761291
0.23716426672714688
0.23735188860741474
0.24414211372083255
0.24863202994181885
0.2449431935105846
0.2541473063414943
0.25015921377262523
0.25607035874366235
0.25341882035325913
0.2582194730620541
0.2573997962164504
0.2575597484011021
0.2624213005336411
0.2605019741043973
0.265255144529001
0.268195665109201
0.26986281661117684
0.2672614499432657
0.26896699691762943
0.2703813076990946
0.2691670781178959
0.2766329036239616
0.2773072606893798
0.2743022604828921
0.27817232052092117
0.2797328769336719
0.2838463288361776
0.2829875242089991
0.2769094867950567
0.28032041007489905
0.2789909206052093
0.2788347412899027
0.2771355343153758
0.27871151310333253
0.2867874411032132
0.2806318023484296
0.27839562954976543
0.2809596651210492
0.2831893044336847
0.28684583880544123
0.28297335742356244
0.28799319061264517
0.28737530305525993
0.2861812703246054
0.28215828521941316
0.2870771474893933
0.27851226277831226
0.2794549418868278
0.28545777760371804
0.2848928145491875
0.2786980019583844
0.2754306744505533
0.2811111272844645
0.27636620791150196
0.28087163370783674
0.281473905131132
0.2807062703050589
0.2782806581733055
0.27997050959536207
0.2722452078860058
0.2750807102594491
0.2761050551798442
0.2726159721890213
0.27338518502411796
0.27509927251399646
0.26569968716021586
0.26448634620977785
0.26940319649404054
0.26655323352441135
0.2672298262938312
0.26414921563694016
0.2664471159458128
0.2588741147659955
0.25763176224403067
0.25600350145496426
0.26008509240887684
0.25313501285807977
0.25178035395774667
0.25789539326977606
0.25771184645174483
0.2533320515787429
0.24654086294365826
0.24560221510908556
0.24468513523672225
0.24765182975372965
0.2411888143287806
0.24312812190559263
0.23864011888120512
0.24179682370204073
0.24325175372306235
0.23534764880704687
0.23192232406833843
0.2384724474883291
0.22905234361791463
0.2318141594358049
0.2268856284140052
0.2240774821567227
0.22578501409789675
0.22311707721511181
0.21945943735750506
0.21992676573414033
0.22166089872761377
0.21600372104961363
0.2137315832757335
0.21407510043864167
0.20778330436973327
0.20517623811554392
0.20686855034647647
0.20933895030299637
0.2051007991040592
0.1983274226790348
0.20529404451349154
0.20017136010567163
0.19437855593949452
0.2007085614730156
0.19334161713765594
0.19593382716010233
0.18552320686579923
0.19010554772632363
0.18622199617138435
0.18388833679117414
0.18439300686146828
0.18217202767963414
0.18231660528991883
0.17641297676832346
0.17335549948021903
0.17574088047612801
0.16697795934864224
0.1659465977482263
0.16684460494901723
0.16670105565016705
0.16530270654529358
0.15834098393997867
0.16138440129246548
0.16145085496830153
0.15524248037261743
0.15331859432887807
0.15635927464958177
0.15196783180941617
0.15074311784357589
0.1486722702765316
0.14995646778308144
0.14774818901710346
0.14443353553764107
0.14204805131020062
0.1433116859533037
0.13793831265043144
0.1353934505294393
0.13766606342390159
0.13106140468791652
0.12717898928657767
0.1264223344134486
0.12396034971334535
0.1286454158446697
0.12503918887439172
0.11743816590472929
0.11518682830391931
0.11887035099591206
0.11135474428355899
0.11052422189679266
0.11462411985805243
0.11471784139830521
0.10527211088244452
0.10444531849987143
0.10265748205884961
0.10274387179380459
0.10331822422317333
0.10313130100427237
0.0993000740693415
0.10072359246628428
0.10007348366007049
0.09385541709744731
0.09180834222253367
0.08990850913494897
0.09112798849120993
0.08707647126610779
0.09043721276355528
0.08159409419699515
0.08343603211544602
0.08356864428136503
0.08047671156013182
0.08062708761939216
0.08077988848984709
0.07650713611476816
0.07517357973762227
0.07490494508949333
0.06569579250971415
0.06450224081552947
0.06592900405980408
0.0645561352485944
0.06921325192945858
0.0605941630207515
0.06497245367136707
0.0578886314715775
0.058049707137905526
0.05872273605902951
0.05652123165551402
0.05966767854002975
0.05814382387667826
0.057350784204125094
0.05216351337274958
0.04952193326557252
0.05326927638020937
0.04605236309398076
0.049312739826238024
0.05044253666179194
0.04473043425078258
0.0450301546896602
0.03725433695176617
0.039259634146673016
0.044373945973175
0.0431700905704665
0.036012192102157864
0.0370260843544355
0.037491258251590075
0.029520296694960837
0.03389611019501786
0.035385719148758904
0.03248143886580156
0.02809098997273138
0.029107016720829708
0.03315384529204388
0.030294580831615885
0.027308253124364454
0.02337840054753474
0.023346959700586326
0.02671624001893345
0.021684204459847294
0.025235983905944896
0.01798201687091896
0.024731854909145895
0.023925848254627857
0.02185885405544768
0.023382817849686613
0.013145616624358482
0.020849668533603077
0.019389388902311025
0.014865553722001415
0.01892130536131819
0.011234890880021635
0.01854426688940808
0.014145785020877912
0.014666585038128517
0.015175789840820245
0.010934565024691346
0.014811381861508493
0.010701454126157108
0.011928911396104963
0.00933637803577277
0.008104855788994307
0.010408129870865286
0.013459549483254746
0.006982133103050319
0.00396073682313545
0.009940421884261924
0.0121934132840232
0.01183596769073733
0.00700363494973904
0.004441614260459023
0.0017272782324575786
0.0009836097894643286
0.010542201505914594
0.004622436725692527
0.007923926301952901
0.009905026375808852
0.0022818397828945243
0.0055166227999994925
0.003951613103272674
0.0009324684997160662
0.0036855378624142225
